,srmer_co2e,lrmer_co2e,total_cost_enduse,aer_load_co2e
0,0.0,249.1,0.01,43.7
1,0.0,229.1,0.0,45.9
2,0.0,252.1,0.0,47.8
3,0.0,273.1,0.0,48.8
4,0.0,275.7,0.0,48.2
5,0.0,234.9,0.0,42.4
6,0.0,252.5,0.0,44.6
7,0.0,263.5,0.01,0.7
8,0.0,120.3,0.0,0.6
9,0.0,108.7,0.0,0.7
10,0.0,142.4,0.0,0.5
11,0.0,109.2,0.0,0.4
12,0.0,139.4,0.0,0.5
13,0.0,84.5,0.0,0.5
14,0.0,109.5,0.01,0.5
15,9.8,196.7,8.4,0.6
16,10.0,190.0,8.73,1.2
17,1118.7,233.5,10.6,1.9
18,10.2,188.7,8.91,1.1
19,10.1,269.7,8.88,0.7
20,10.2,305.6,8.72,0.6
21,9.9,259.0,8.69,0.6
22,9.9,296.0,8.51,0.6
23,0.0,282.4,1.57,0.6
24,0.0,257.8,1.33,0.6
25,0.0,223.4,1.33,0.6
26,0.0,265.6,1.33,0.6
27,0.0,218.2,1.33,0.6
28,0.0,217.8,1.33,0.6
29,9.9,285.9,8.5,0.9
30,491.4,285.2,16.61,1.9
31,481.3,241.6,19.37,2.6
32,478.3,81.9,13.82,0.9
33,494.0,67.4,13.85,0.8
34,10.1,87.2,8.8,0.9
35,494.8,95.4,16.38,1.1
36,494.9,84.5,16.39,1.2
37,494.8,80.2,13.98,0.9
38,494.9,47.8,13.9,0.9
39,551.4,162.4,24.48,5.2
40,578.8,218.0,32.88,165.6
41,1337.0,245.4,61.99,163.8
42,825.8,330.0,61.67,162.5
43,1319.2,306.9,34.34,169.7
44,783.0,283.2,33.93,173.2
45,1192.8,311.1,32.09,216.1
46,1246.7,358.4,30.65,310.2
47,1261.0,436.2,30.1,284.4
48,647.8,447.6,28.83,216.1
49,1235.0,442.5,28.41,153.2
50,647.0,528.0,28.22,144.7
51,1254.0,379.8,28.91,152.7
52,546.9,340.8,29.83,120.3
53,624.2,415.3,33.5,90.9
54,1428.2,399.3,33.56,94.1
55,622.3,413.3,28.12,100.3
56,540.2,177.5,25.13,40.4
57,528.7,147.8,24.76,39.3
58,528.8,121.4,24.76,40.5
59,1190.8,92.5,24.76,39.7
60,535.1,88.6,24.39,35.0
61,608.7,148.7,23.93,37.9
62,534.9,189.4,24.37,37.7
63,1025.7,322.1,29.16,80.6
64,660.1,365.0,29.57,91.3
65,591.3,389.0,45.65,98.8
66,1196.9,425.3,25.97,91.3
67,1264.5,425.0,23.86,25.0
68,491.1,388.1,22.26,26.6
69,473.6,412.1,19.69,13.3
70,10.0,332.0,8.66,12.4
71,9.9,392.0,8.47,8.4
72,9.9,376.0,8.45,8.5
73,9.9,304.7,8.45,6.7
74,9.9,364.1,8.44,5.9
75,9.9,374.6,8.44,6.4
76,9.9,327.8,8.46,8.2
77,618.1,399.9,8.73,12.3
78,474.2,383.3,10.16,13.1
79,10.2,361.2,8.8,11.9
80,1248.3,98.3,22.9,2.6
81,555.2,181.1,26.4,0.7
82,1231.9,137.3,27.1,1.1
83,524.3,172.5,27.27,1.3
84,1254.2,185.3,26.92,0.9
85,539.2,140.1,24.8,0.8
86,549.8,124.4,25.89,0.8
87,553.9,207.8,27.01,10.3
88,508.0,334.3,30.85,1.1
89,12.2,351.4,57.01,25.0
90,550.7,389.8,28.24,24.7
91,536.2,401.4,25.63,26.1
92,1255.5,403.9,23.0,27.6
93,567.3,459.4,22.89,25.6
94,581.8,419.7,24.32,1.3
95,517.8,376.3,26.05,0.9
96,538.1,358.4,26.01,0.8
97,552.5,403.1,25.68,0.9
98,1171.4,392.9,24.4,0.9
99,561.6,439.9,23.54,8.9
100,1243.9,553.6,22.9,16.6
101,1158.4,448.6,22.53,29.1
102,1256.8,412.0,23.53,15.4
103,482.8,392.3,21.73,15.0
104,486.5,142.3,20.56,11.7
105,478.9,84.7,21.04,2.5
106,1215.9,70.9,22.32,3.1
107,482.0,122.6,22.98,3.4
108,478.7,82.9,22.24,2.9
109,9.9,87.3,9.91,3.0
110,10.2,126.6,9.21,6.8
111,10.0,307.3,8.66,13.2
112,475.3,400.7,9.26,12.5
113,476.9,317.1,19.48,11.1
114,476.2,327.3,11.93,0.8
115,475.0,386.1,11.86,0.8
116,473.7,393.7,11.75,0.7
117,10.0,381.6,8.74,0.6
118,9.9,334.1,8.53,0.6
119,0.0,218.6,0.01,0.6
120,0.0,226.4,0.01,0.7
121,0.0,208.2,0.01,0.7
122,0.0,185.0,0.01,0.7
123,0.0,221.9,0.01,0.7
124,0.0,217.5,0.01,0.7
125,9.9,362.7,8.47,0.6
126,10.0,408.8,8.75,0.6
127,10.3,203.9,8.76,0.6
128,10.1,141.2,8.6,0.5
129,478.2,87.0,20.89,0.7
130,0.0,95.3,21.56,2.2
131,1210.2,94.3,21.55,2.6
132,472.9,134.9,20.08,2.2
133,472.6,71.8,18.0,1.3
134,477.1,114.9,20.73,1.7
135,472.6,303.5,26.69,0.8
136,1249.6,362.9,28.55,0.8
137,1190.2,340.2,28.76,0.8
138,1238.5,417.1,26.49,0.8
139,1163.2,362.1,23.16,0.7
140,472.3,293.2,13.89,0.6
141,10.1,325.0,8.72,0.6
142,9.9,356.0,8.62,0.6
143,0.0,201.8,0.01,10.7
144,0.0,188.3,0.01,10.8
145,0.0,204.7,0.01,10.5
146,0.0,203.0,0.01,10.2
147,0.0,168.1,0.01,11.3
148,0.0,192.1,0.01,12.3
149,9.9,199.3,8.73,15.7
150,1242.3,201.6,23.16,35.7
151,546.3,170.7,22.86,47.5
152,477.8,124.6,22.62,0.2
153,490.8,120.8,23.79,0.2
154,493.9,156.4,24.18,0.5
155,486.4,89.1,24.39,1.5
156,556.7,69.7,24.07,0.6
157,529.5,77.6,23.79,0.5
158,528.2,143.3,24.06,0.2
159,584.9,312.7,29.43,289.8
160,576.8,363.3,36.69,248.9
161,817.1,377.9,62.36,302.5
162,650.1,415.5,33.4,294.9
163,525.1,404.7,31.5,356.6
164,615.3,387.0,30.48,369.2
165,558.5,428.8,29.86,380.7
166,1217.0,413.6,28.95,385.8
167,1157.0,401.5,27.31,355.2
168,1347.4,450.8,26.92,359.9
169,1287.7,456.8,26.94,391.2
170,560.8,456.2,27.1,392.6
171,539.8,501.6,27.42,362.5
172,536.2,444.9,28.11,336.0
173,566.4,439.2,29.14,325.6
174,521.1,437.8,29.51,325.8
175,546.1,352.4,25.99,232.0
176,520.9,96.2,24.89,75.5
177,527.7,186.1,24.53,53.3
178,560.4,117.0,24.63,78.4
179,522.0,112.3,24.79,78.4
180,481.6,103.6,24.8,77.6
181,528.1,182.1,24.38,53.0
182,522.1,150.5,24.62,50.3
183,612.8,245.6,28.31,115.0
184,659.5,350.7,31.06,124.6
185,637.5,313.0,41.15,113.5
186,551.7,314.6,32.2,108.8
187,616.7,317.7,31.12,109.9
188,531.7,280.5,30.06,99.3
189,650.7,379.9,28.21,100.9
190,473.0,449.0,26.6,93.7
191,537.1,434.8,25.32,100.1
192,530.9,415.0,24.83,62.4
193,532.6,434.6,24.78,60.8
194,1168.6,424.8,24.78,60.3
195,1281.6,423.7,24.99,60.3
196,1352.3,540.0,26.83,93.5
197,1193.1,381.4,29.13,92.8
198,496.5,342.6,30.38,95.0
199,655.8,293.8,29.12,100.5
200,560.8,178.6,26.85,83.2
201,556.5,132.9,25.53,74.2
202,1339.2,107.9,26.14,78.7
203,1038.4,139.3,26.59,86.8
204,1038.0,92.5,26.13,78.9
205,526.8,74.8,24.93,43.3
206,1234.2,42.0,24.57,44.4
207,1459.6,264.2,25.4,64.8
208,548.0,400.5,27.47,103.3
209,592.3,369.0,34.21,121.3
210,551.8,404.5,28.84,116.8
211,572.1,387.4,27.25,117.3
212,1460.2,409.4,25.54,114.1
213,524.9,521.2,25.15,107.6
214,522.7,389.3,25.06,121.5
215,1238.2,409.8,25.06,161.0
216,520.2,394.5,25.09,212.1
217,1039.8,502.5,25.23,246.6
218,527.4,473.0,25.51,235.7
219,527.7,485.6,26.79,233.4
220,658.8,501.2,29.09,230.9
221,689.0,424.4,30.56,212.1
222,692.8,411.1,31.97,170.2
223,495.9,378.8,29.41,148.5
224,1037.6,58.0,26.02,125.8
225,1054.2,67.2,25.77,97.2
226,1277.5,54.4,25.98,122.4
227,540.6,120.5,26.28,128.7
228,534.4,102.1,26.08,122.7
229,481.9,95.0,25.82,118.0
230,553.5,100.8,26.02,107.7
231,1277.1,300.6,29.64,157.2
232,485.3,408.9,32.35,176.4
233,1327.2,386.9,61.9,154.4
234,901.8,389.6,35.3,147.3
235,567.6,389.7,32.57,156.6
236,692.3,388.0,31.25,174.9
237,552.9,275.2,29.77,178.1
238,1219.5,426.0,27.77,181.3
239,542.9,413.0,26.35,172.9
240,1257.6,458.2,25.96,184.0
241,1022.6,450.1,25.83,173.5
242,475.6,442.9,25.82,180.4
243,527.9,430.3,25.82,186.1
244,537.7,614.7,26.88,190.5
245,686.9,431.4,29.86,173.2
246,1235.8,366.7,30.98,170.0
247,544.6,399.8,29.7,135.1
248,595.5,126.9,27.7,88.8
249,1022.5,136.0,27.25,82.7
250,1164.3,176.4,27.08,82.1
251,1157.0,185.4,26.79,74.3
252,1141.6,167.2,26.55,74.9
253,534.7,174.5,26.15,72.8
254,534.4,211.1,26.13,76.0
255,1275.3,323.7,29.37,95.5
256,1205.3,332.7,31.79,90.9
257,712.1,390.8,32.77,90.2
258,641.9,422.1,31.51,85.5
259,799.3,378.5,30.18,86.7
260,546.0,419.4,28.59,93.6
261,1263.5,330.1,26.29,95.6
262,1245.8,413.9,23.27,7.5
263,10.0,397.6,8.88,0.6
264,9.9,301.7,8.54,0.6
265,9.8,317.0,8.36,0.6
266,0.0,239.2,0.01,4.4
267,9.8,323.3,8.36,0.6
268,9.9,338.6,8.66,1.2
269,470.7,509.1,10.35,4.9
270,1252.3,374.3,22.93,19.2
271,1258.1,309.0,23.5,23.5
272,480.6,260.8,20.47,6.2
273,474.6,271.6,10.43,2.7
274,10.0,261.5,8.78,7.7
275,10.0,197.7,8.72,8.5
276,10.0,187.8,8.72,9.3
277,10.0,179.4,8.72,10.3
278,10.0,249.9,8.73,11.7
279,10.1,378.6,8.79,11.7
280,1224.3,320.6,23.23,22.9
281,1022.9,346.9,27.9,73.9
282,1264.9,318.4,23.19,73.2
283,1234.4,328.6,22.23,73.3
284,482.7,355.9,21.9,59.4
285,495.7,384.7,20.26,54.7
286,493.8,379.8,19.37,52.9
287,9.9,204.3,8.67,50.1
288,1042.2,192.7,20.66,53.1
289,1150.1,192.7,21.77,76.5
290,1149.7,203.1,22.41,109.0
291,1144.7,140.8,23.68,117.4
292,532.1,184.7,24.82,121.0
293,1360.1,286.9,27.24,183.0
294,578.9,287.4,35.67,228.6
295,495.5,344.9,28.95,223.6
296,571.8,276.0,27.65,173.4
297,533.0,105.2,27.14,160.9
298,558.0,139.0,27.44,166.3
299,540.0,197.3,27.93,173.5
300,1370.1,216.0,27.33,177.8
301,1480.2,91.5,26.52,184.4
302,541.4,127.8,26.62,193.0
303,550.1,166.9,31.09,245.5
304,1197.0,307.2,57.14,361.2
305,1199.9,323.2,65.5,356.9
306,892.8,316.6,38.38,357.0
307,896.0,385.2,36.55,343.2
308,627.3,351.3,34.5,363.2
309,691.0,308.7,32.0,323.7
310,1177.0,373.2,31.26,355.7
311,521.3,440.2,30.07,361.2
312,542.8,422.4,29.64,363.9
313,561.6,457.9,29.45,364.5
314,561.2,459.8,29.43,367.8
315,1281.2,464.6,29.8,369.7
316,684.0,435.8,30.87,368.0
317,620.1,441.2,32.42,363.4
318,621.8,423.5,33.12,349.8
319,1446.6,376.9,28.03,323.6
320,1271.5,278.8,26.05,253.2
321,1455.5,279.2,26.2,236.5
322,1037.7,174.0,26.32,215.0
323,568.7,182.1,26.27,201.5
324,1181.8,170.2,26.26,200.8
325,1246.0,179.9,25.92,233.2
326,556.2,250.1,26.12,193.1
327,1450.3,69.7,28.59,262.2
328,577.3,398.6,33.18,331.8
329,1225.6,322.6,63.77,311.3
330,578.6,381.6,32.82,312.9
331,577.9,378.9,33.22,325.0
332,525.7,383.9,31.87,324.1
333,811.3,383.8,31.33,325.9
334,1288.8,427.2,30.2,318.6
335,1022.1,494.6,28.38,275.9
336,1256.8,487.9,28.09,182.0
337,1238.4,865.9,27.71,93.7
338,1168.6,674.3,27.54,92.3
339,537.3,627.2,27.31,90.9
340,1242.2,546.5,27.18,89.0
341,536.9,526.0,27.13,88.3
342,520.8,473.0,25.12,90.4
343,486.3,394.6,21.94,6.0
344,9.8,189.0,8.75,4.4
345,10.0,189.1,8.88,4.6
346,9.8,205.9,8.76,4.8
347,10.0,95.6,8.64,0.5
348,0.0,72.9,0.01,0.5
349,0.0,70.6,0.01,0.4
350,0.0,63.1,0.0,0.4
351,9.9,106.0,8.43,0.6
352,10.2,428.9,8.74,0.7
353,473.9,306.6,12.48,0.8
354,473.9,309.5,15.36,0.8
355,473.5,309.5,12.47,0.8
356,472.5,312.6,10.24,0.8
357,10.1,399.3,8.89,0.7
358,9.9,320.5,8.63,0.7
359,9.9,310.5,8.44,0.6
360,9.9,340.4,8.37,0.7
361,9.9,320.3,8.36,0.7
362,9.8,295.6,8.36,0.7
363,9.9,330.4,8.37,0.7
364,9.8,275.3,8.38,0.7
365,10.0,388.8,8.62,0.8
366,472.7,312.3,11.32,1.7
367,10.0,217.2,9.03,1.2
368,10.0,106.9,8.75,0.6
369,10.0,84.0,8.96,0.6
370,10.0,50.1,8.99,1.0
371,10.0,44.2,8.99,1.0
372,10.0,73.7,8.82,0.6
373,10.0,77.4,8.74,0.5
374,10.2,131.2,8.7,0.6
375,480.1,242.8,20.47,2.2
376,490.8,399.8,21.6,2.0
377,541.7,425.3,37.67,1.7
378,488.0,395.6,21.17,1.5
379,486.6,409.2,20.72,0.8
380,481.9,422.1,20.53,0.7
381,471.4,483.9,12.68,0.7
382,10.0,336.4,8.7,0.6
383,9.9,305.8,8.64,0.6
384,9.9,299.4,8.62,0.6
385,9.9,302.1,8.62,0.6
386,9.9,328.0,8.61,0.6
387,9.9,338.3,8.64,0.6
388,10.0,335.8,8.96,0.6
389,470.8,334.3,20.05,0.8
390,485.5,437.6,20.67,2.3
391,483.0,394.8,20.59,2.3
392,474.6,267.5,20.13,0.8
393,474.7,260.8,17.33,0.7
394,474.9,210.5,17.46,0.6
395,474.8,179.0,17.4,0.6
396,474.8,141.5,17.4,0.6
397,474.6,119.1,14.95,0.5
398,497.7,109.6,20.58,0.5
399,1241.6,140.8,25.15,3.3
400,1207.1,286.1,30.78,221.8
401,820.7,301.9,65.55,214.0
402,1199.9,288.1,32.93,238.0
403,1428.3,229.8,31.69,233.8
404,1276.1,314.8,30.88,236.6
405,12.0,346.0,29.95,249.6
406,491.0,378.5,28.48,262.2
407,1216.4,488.8,27.92,244.2
408,564.7,421.2,27.42,237.5
409,539.4,454.6,26.76,166.6
410,1200.5,417.5,26.54,144.3
411,543.4,413.3,26.55,130.6
412,1204.0,443.9,27.76,107.5
413,1247.1,404.6,29.99,110.2
414,508.6,401.3,31.73,117.3
415,490.4,320.3,27.46,93.4
416,491.0,118.2,23.2,45.1
417,483.6,101.6,22.68,42.3
418,1261.1,140.0,22.67,42.4
419,490.8,156.6,22.77,43.7
420,489.8,107.7,21.77,42.0
421,483.2,157.8,21.36,40.2
422,483.1,103.0,21.73,39.6
423,1189.8,270.7,25.17,46.0
424,589.1,387.6,24.47,66.7
425,1043.2,365.2,28.14,85.4
426,1206.9,388.9,22.32,75.4
427,484.8,416.1,22.0,63.9
428,481.4,387.4,20.51,63.8
429,10.0,324.4,8.73,58.2
430,10.0,317.2,8.56,56.7
431,9.8,288.1,8.41,53.3
432,9.8,280.9,8.39,60.3
433,9.9,201.7,8.45,63.5
434,9.9,238.6,8.67,75.7
435,9.9,249.7,8.81,89.0
436,1148.0,293.0,24.14,129.2
437,545.1,328.8,29.07,224.6
438,628.2,345.5,33.18,223.9
439,603.4,184.4,28.87,182.7
440,1057.8,48.0,26.53,97.0
441,1045.1,136.3,26.38,87.9
442,1276.5,36.8,26.52,97.8
443,482.3,66.5,26.91,108.4
444,547.1,38.0,26.56,104.4
445,1465.3,42.5,26.17,97.7
446,536.4,31.6,26.86,95.8
447,1303.8,66.7,30.69,181.7
448,848.5,382.4,35.17,356.3
449,1277.3,413.2,62.89,373.9
450,1267.7,423.3,39.27,334.5
451,650.2,351.9,34.46,359.4
452,648.6,425.6,33.76,399.6
453,569.6,450.1,31.29,378.9
454,1354.9,388.4,30.02,350.7
455,471.0,388.7,29.31,342.6
456,650.1,402.5,29.04,361.7
457,1013.4,388.5,29.01,374.9
458,1015.8,391.4,29.0,397.6
459,1377.4,342.1,29.2,381.1
460,1187.0,384.9,31.02,378.2
461,1302.8,426.3,33.72,398.9
462,579.3,407.1,34.68,429.0
463,551.4,415.3,33.33,422.2
464,549.8,332.3,32.29,351.2
465,1205.0,245.0,31.86,283.0
466,1397.0,211.6,31.47,257.8
467,571.9,144.5,31.21,239.9
468,476.3,201.4,30.64,250.1
469,1366.2,155.4,30.12,264.2
470,543.0,96.5,30.15,271.3
471,580.4,211.2,32.64,362.7
472,1366.4,391.7,60.86,403.5
473,1289.1,411.9,70.0,382.1
474,1271.8,420.7,35.14,390.7
475,580.7,435.6,33.74,375.0
476,1513.0,367.7,32.93,356.7
477,1212.9,412.5,31.74,355.6
478,1184.2,286.4,30.28,345.6
479,1015.7,276.7,28.78,299.5
480,466.9,366.0,28.03,270.2
481,1159.8,360.9,27.83,250.4
482,549.7,387.9,27.81,247.5
483,594.1,411.6,27.75,248.2
484,538.2,487.5,27.96,271.3
485,1016.3,445.7,28.62,314.1
486,541.2,444.3,29.32,308.7
487,1019.3,404.2,28.65,240.6
488,1022.2,80.3,28.37,118.2
489,1031.3,56.5,28.4,126.5
490,472.9,127.3,28.6,151.2
491,1021.5,155.0,28.41,168.7
492,566.5,96.7,27.83,145.8
493,553.9,116.5,27.28,88.6
494,1208.5,83.0,26.9,86.6
495,1138.9,455.3,28.09,98.9
496,559.4,403.2,30.84,106.6
497,1264.3,523.2,30.63,102.9
498,1188.9,442.8,25.27,55.8
499,569.0,424.5,23.86,27.7
500,1215.9,422.4,22.56,28.1
501,483.8,371.6,20.6,0.6
502,10.1,337.5,8.79,0.6
503,9.9,323.3,8.52,0.6
504,9.8,268.7,8.31,0.6
505,0.0,232.8,1.3,0.6
506,0.0,228.4,1.29,0.6
507,0.0,228.5,1.29,0.6
508,0.0,231.3,1.29,0.6
509,0.0,250.2,1.3,0.6
510,0.0,250.2,1.51,0.7
511,0.0,249.4,1.3,0.6
512,0.0,224.4,1.3,0.6
513,0.0,224.5,1.51,0.5
514,0.0,116.3,1.59,0.6
515,10.0,194.3,8.66,0.6
516,471.2,158.7,20.12,0.4
517,471.2,90.8,20.22,0.2
518,477.4,138.8,20.58,0.3
519,1208.5,250.1,22.53,6.2
520,1255.0,394.5,24.57,26.2
521,1193.3,352.6,56.04,26.7
522,545.2,371.4,29.55,26.6
523,538.4,395.9,24.81,26.4
524,1253.3,384.5,24.02,27.4
525,479.3,463.2,21.7,13.9
526,9.9,355.3,8.67,18.4
527,0.0,184.8,0.01,23.6
528,0.0,180.4,0.01,24.3
529,0.0,174.4,0.01,34.1
530,0.0,155.2,0.01,31.7
531,0.0,152.4,0.01,30.6
532,0.0,181.2,0.01,31.4
533,0.0,242.6,0.01,29.8
534,10.0,440.8,8.75,28.4
535,620.7,290.1,9.33,25.4
536,475.6,218.8,19.65,23.7
537,1054.7,152.9,20.91,12.1
538,1188.9,158.3,23.08,17.5
539,1159.8,90.6,22.68,13.5
540,1219.4,104.6,22.7,13.5
541,1219.0,118.3,22.93,14.9
542,1196.3,116.4,23.17,21.7
543,1160.3,134.4,24.46,41.5
544,1178.3,393.7,26.92,160.3
545,1041.3,324.1,35.83,155.2
546,483.3,337.3,26.67,158.8
547,533.8,301.4,24.31,106.6
548,491.5,339.6,22.94,100.6
549,489.6,373.7,22.82,95.7
550,487.6,290.1,22.42,92.3
551,486.2,314.9,22.39,106.5
552,1262.8,331.7,23.41,115.2
553,525.3,352.4,23.72,120.9
554,1261.0,409.4,24.02,134.5
555,1171.7,443.8,24.49,130.2
556,1251.7,468.4,26.84,219.2
557,587.5,448.0,29.0,234.2
558,545.0,322.3,30.0,211.0
559,622.4,253.2,28.56,232.8
560,481.8,141.0,26.6,191.6
561,1464.8,184.0,26.89,187.8
562,1057.5,226.7,27.17,172.3
563,561.4,181.7,26.49,144.1
564,1255.0,48.8,26.0,126.3
565,534.3,31.8,25.72,117.6
566,1253.3,82.0,25.98,117.3
567,619.3,179.3,29.73,197.1
568,543.1,365.6,32.44,339.7
569,838.0,356.5,65.24,343.8
570,697.5,267.8,33.83,333.8
571,551.3,193.3,32.37,337.0
572,1204.0,190.8,31.42,355.4
573,616.4,304.9,30.06,320.9
574,1136.5,300.2,28.23,320.7
575,1161.7,415.9,26.95,303.8
576,1159.6,533.9,26.53,302.0
577,529.0,615.1,26.34,316.1
578,1157.9,552.0,26.32,320.1
579,1037.3,491.2,26.6,311.0
580,1161.4,492.2,27.94,290.3
581,1030.5,473.3,29.08,289.3
582,562.8,392.4,30.15,298.0
583,528.3,367.7,27.07,247.1
584,1189.1,199.6,26.05,192.7
585,539.8,127.1,26.17,167.9
586,1043.1,103.6,26.21,183.5
587,545.9,216.8,26.2,194.0
588,1039.4,156.8,26.2,198.4
589,1042.5,204.2,26.24,209.8
590,1170.0,210.6,26.54,211.2
591,1200.8,394.6,29.08,231.4
592,569.3,422.7,33.62,220.5
593,1329.8,409.6,40.18,163.6
594,645.6,409.7,33.19,145.6
595,695.4,421.1,31.0,120.7
596,1300.2,430.2,30.48,104.7
597,1277.0,421.9,29.45,95.3
598,1252.7,516.1,27.97,92.6
599,483.6,411.6,26.85,88.0
600,472.3,422.8,25.79,86.0
601,548.9,432.8,25.27,86.7
602,531.7,444.2,25.22,87.5
603,531.8,443.0,25.26,90.9
604,1009.5,534.6,26.34,91.7
605,1035.8,432.3,28.53,95.0
606,1089.1,440.7,29.39,96.9
607,484.6,281.0,28.07,86.9
608,483.1,82.9,27.12,73.9
609,565.2,176.5,27.23,94.3
610,478.9,209.8,26.97,98.4
611,489.7,211.0,26.81,95.7
612,561.3,240.3,26.62,92.0
613,478.5,263.4,26.83,86.9
614,482.5,208.2,26.98,81.6
615,1191.8,312.9,29.21,90.5
616,679.2,426.8,53.45,100.8
617,557.6,402.1,90.29,103.5
618,904.6,330.2,33.79,108.6
619,1282.9,279.3,30.81,109.3
620,1041.4,254.4,29.1,110.4
621,574.9,355.5,28.06,140.8
622,566.3,282.6,26.47,107.0
623,1149.4,342.1,24.2,72.8
624,549.0,373.7,24.02,87.2
625,1142.7,374.8,23.99,84.0
626,478.2,424.5,23.97,79.3
627,1106.6,417.8,23.99,74.9
628,1201.9,402.8,25.65,123.9
629,1209.5,419.8,27.79,99.7
630,1184.9,392.8,29.59,96.7
631,1138.2,212.3,27.08,88.9
632,532.4,99.7,24.17,39.6
633,1287.5,82.4,24.02,41.9
634,1287.2,79.9,24.12,42.2
635,1286.5,90.3,24.07,40.1
636,568.3,119.2,22.95,38.2
637,555.2,143.6,22.72,39.4
638,1253.5,219.5,23.11,49.2
639,1051.6,200.9,25.94,91.9
640,545.3,367.3,28.93,90.6
641,816.8,330.7,34.81,83.8
642,591.3,399.2,28.93,77.9
643,687.5,360.6,28.49,82.6
644,597.1,377.5,28.42,83.6
645,544.1,382.6,27.39,85.6
646,539.1,425.8,25.78,81.9
647,578.4,436.7,23.96,0.7
648,1146.1,414.9,22.68,5.7
649,466.7,401.0,19.9,0.7
650,9.9,353.1,8.42,0.6
651,9.8,378.9,7.2,0.6
652,9.8,382.8,7.2,0.7
653,0.0,235.7,1.5,0.7
654,9.8,202.0,1.67,0.8
655,0.0,157.6,1.28,0.8
656,0.0,81.9,0.01,0.4
657,0.0,112.5,0.01,0.8
658,0.0,88.5,0.01,1.0
659,0.0,91.1,0.01,0.8
660,0.0,104.1,0.01,0.4
661,0.0,58.4,0.0,0.3
662,0.0,46.7,0.01,0.3
663,0.0,200.5,0.01,0.5
664,1207.2,279.9,12.07,0.8
665,477.4,224.3,28.58,2.1
666,1161.5,288.6,34.54,2.2
667,1210.2,296.4,11.83,2.1
668,1207.8,270.7,10.18,0.7
669,10.0,313.4,8.71,0.7
670,9.9,332.9,8.53,0.6
671,9.9,304.9,8.43,0.7
672,9.8,310.1,8.42,0.7
673,9.8,281.5,8.41,0.7
674,9.8,269.0,8.4,0.7
675,9.8,243.5,8.4,0.7
676,9.8,246.4,8.4,0.8
677,9.8,289.2,8.41,0.7
678,1196.5,183.9,11.6,1.3
679,465.8,65.6,18.42,4.3
680,614.5,78.0,9.83,0.6
681,10.0,56.3,9.78,0.6
682,615.8,75.8,9.98,1.0
683,9.9,36.4,10.1,0.5
684,9.9,38.9,9.9,0.8
685,1203.5,59.8,9.89,1.0
686,9.9,32.3,9.61,1.7
687,556.7,102.8,23.94,1.5
688,690.3,239.1,32.64,184.3
689,1304.9,268.3,59.59,171.8
690,693.9,330.6,32.88,87.0
691,12.0,406.0,32.34,89.5
692,12.0,341.2,31.07,88.4
693,689.5,331.2,29.48,97.2
694,1246.4,471.8,28.47,98.8
695,1161.4,462.0,27.2,95.0
696,1263.1,433.1,26.26,90.7
697,538.5,471.5,25.24,96.8
698,476.4,337.2,20.27,20.2
699,9.9,437.4,8.6,27.4
700,9.9,403.7,8.62,30.3
701,618.2,380.6,8.74,30.1
702,474.5,402.9,10.26,27.0
703,475.1,221.0,10.27,12.5
704,10.3,235.5,8.78,12.3
705,10.3,239.6,8.78,13.4
706,10.2,170.4,8.74,13.7
707,10.1,161.9,8.65,13.5
708,10.1,131.1,8.62,12.5
709,10.0,117.7,8.56,9.5
710,0.0,110.9,1.56,11.7
711,10.1,302.4,8.62,13.4
712,10.1,326.3,8.95,12.9
713,485.5,391.2,22.14,10.7
714,478.4,330.9,20.66,10.6
715,475.5,352.0,18.64,0.9
716,474.2,372.6,15.87,0.8
717,10.2,317.7,8.75,0.8
718,10.0,322.1,8.54,0.7
719,0.0,282.9,0.01,0.6
720,0.0,165.5,0.01,0.6
721,0.0,209.4,0.01,0.6
722,0.0,245.4,0.01,0.6
723,0.0,211.8,0.01,0.6
724,0.0,181.3,0.01,0.6
725,0.0,286.3,1.59,0.6
726,10.2,282.7,8.71,0.6
727,10.2,171.2,8.71,0.9
728,10.0,112.1,8.54,0.5
729,0.0,136.4,1.6,0.5
730,9.9,157.5,7.55,0.5
731,619.9,47.4,8.61,0.5
732,474.5,69.1,8.69,0.5
733,474.3,68.2,8.61,0.5
734,619.2,51.5,8.92,0.5
735,549.5,74.5,21.73,0.8
736,1236.2,332.7,25.06,42.6
737,1332.7,322.6,29.32,164.1
738,1425.9,299.5,28.43,172.2
739,1037.9,270.5,25.85,153.5
740,1021.5,254.6,25.77,137.2
741,1244.3,307.3,24.69,101.2
742,1212.7,306.4,24.26,103.3
743,1192.0,269.1,24.14,120.8
744,1189.8,263.9,24.35,118.9
745,518.8,329.3,24.55,158.5
746,468.9,397.8,24.81,229.8
747,479.5,404.6,26.28,226.5
748,1174.7,434.1,27.95,251.7
749,1203.4,433.3,29.73,255.5
750,1568.8,361.7,31.03,246.4
751,578.7,371.1,29.92,175.9
752,547.1,210.3,26.14,235.3
753,484.7,114.9,25.59,192.6
754,549.2,80.6,25.59,181.8
755,492.5,102.4,25.58,177.0
756,480.0,74.8,25.59,171.5
757,1223.7,147.9,25.5,152.3
758,1300.0,173.4,25.38,151.0
759,1142.2,203.4,28.23,200.4
760,1204.3,323.9,32.23,308.3
761,1189.2,344.7,64.13,401.0
762,805.8,386.5,34.33,412.2
763,827.8,362.7,34.1,308.5
764,812.9,424.1,32.54,271.6
765,482.3,415.6,30.43,256.2
766,543.1,410.4,28.18,257.3
767,529.9,466.6,27.83,316.4
768,549.3,475.1,27.41,276.0
769,1213.1,472.4,27.42,289.0
770,1260.6,467.2,27.55,328.4
771,1003.4,467.4,28.18,318.0
772,568.8,472.3,29.74,345.1
773,549.9,344.7,32.65,355.8
774,529.5,371.3,36.65,396.5
775,1230.8,354.9,32.26,333.7
776,1380.8,178.0,27.9,169.8
777,475.8,150.0,26.68,209.4
778,539.2,117.2,26.71,266.4
779,535.2,109.0,26.45,309.7
780,1461.0,81.5,26.33,307.4
781,479.1,106.7,26.1,313.3
782,1161.3,127.7,26.04,302.6
783,549.9,135.1,27.97,200.1
784,1197.3,337.0,31.84,364.4
785,978.1,355.5,39.41,353.1
786,558.0,418.2,31.88,333.3
787,538.4,412.2,31.01,326.0
788,675.6,384.7,30.35,311.9
789,1225.4,445.8,28.5,293.3
790,539.8,462.9,26.46,307.8
791,1205.1,273.3,25.06,287.8
792,1147.1,182.9,25.01,288.5
793,467.5,321.2,24.98,300.0
794,1026.9,295.7,24.97,298.7
795,527.6,340.6,25.55,336.6
796,1460.4,406.7,26.46,298.5
797,548.7,259.9,29.05,314.9
798,1272.3,253.6,30.45,296.3
799,1195.1,219.2,27.09,318.7
800,1162.3,108.4,25.34,268.3
801,607.5,115.3,25.47,258.5
802,483.0,49.6,25.34,214.6
803,527.2,53.1,25.09,168.7
804,1235.2,40.9,24.93,167.8
805,1206.5,77.3,24.91,108.7
806,1205.6,105.0,24.99,162.7
807,488.0,152.3,28.17,263.6
808,1164.0,396.3,28.92,253.4
809,587.3,409.0,32.42,187.3
810,1160.6,422.0,25.01,142.7
811,1277.1,466.2,23.89,128.5
812,1204.2,473.3,24.81,139.3
813,1200.6,451.9,24.73,135.4
814,1265.8,448.1,23.53,122.8
815,476.1,407.2,21.2,122.2
816,9.9,435.1,8.58,124.7
817,524.0,414.5,8.41,126.0
818,9.8,354.4,8.35,127.9
819,9.8,352.0,8.35,129.6
820,0.0,464.6,1.57,131.3
821,9.9,421.9,8.43,130.8
822,9.9,385.3,8.53,131.6
823,10.0,210.5,8.5,100.7
824,10.0,150.2,8.53,58.6
825,10.0,108.2,8.79,52.9
826,528.7,80.7,18.79,58.1
827,528.2,48.7,18.77,60.2
828,482.0,62.9,18.76,60.3
829,469.6,35.6,16.02,67.2
830,469.3,36.1,15.69,62.1
831,477.5,162.5,18.64,83.8
832,1243.1,364.5,24.87,206.0
833,1440.2,401.6,26.89,166.9
834,710.5,401.3,26.93,139.9
835,708.0,363.2,26.35,139.6
836,1245.8,361.1,24.97,142.6
837,1177.2,402.1,24.62,117.6
838,1173.9,366.5,22.97,108.2
839,1180.7,346.5,22.47,109.3
840,549.4,340.5,22.31,117.1
841,1146.1,207.1,22.47,125.7
842,1231.9,251.4,22.63,148.4
843,1234.8,260.9,23.08,159.5
844,1214.0,194.5,24.17,186.6
845,468.7,234.1,25.08,283.6
846,1456.4,255.5,25.74,317.0
847,1191.5,122.4,24.59,109.6
848,1148.1,60.4,24.71,140.2
849,597.0,40.4,24.7,134.0
850,1150.4,69.7,24.85,120.9
851,550.8,69.2,24.98,115.0
852,1240.1,33.9,24.86,102.9
853,1206.4,31.2,24.69,62.4
854,1214.4,35.3,24.28,49.7
855,1353.6,156.0,26.57,141.2
856,1190.6,330.0,31.66,321.8
857,1195.0,307.8,63.95,290.0
858,1195.3,347.3,59.37,279.1
859,538.8,390.9,34.96,261.3
860,1489.5,423.4,32.44,235.5
861,1243.9,354.7,31.83,232.5
862,1260.2,344.1,28.75,232.3
863,1149.4,462.9,27.16,220.5
864,1218.1,439.9,26.96,198.5
865,1195.4,432.3,26.95,198.6
866,998.8,438.9,26.95,200.3
867,1211.6,575.7,27.69,192.4
868,521.0,380.9,29.08,192.8
869,702.5,394.2,31.36,195.6
870,541.8,425.6,42.23,163.8
871,555.5,138.6,28.59,170.2
872,1017.9,40.7,26.42,122.1
873,1278.1,47.4,25.82,135.1
874,553.3,46.2,25.84,132.0
875,553.1,32.3,25.68,136.6
876,1041.0,64.1,25.32,123.4
877,535.0,82.2,25.15,111.4
878,554.8,78.5,24.98,106.8
879,490.5,55.6,26.25,146.1
880,548.2,353.4,29.83,230.5
881,803.7,363.6,37.55,203.0
882,668.0,424.0,32.62,195.1
883,1301.7,382.4,29.89,161.3
884,665.6,419.7,29.18,145.2
885,1019.9,518.0,27.59,142.6
886,1006.5,427.2,26.77,145.4
887,1367.8,456.0,26.26,148.7
888,1319.5,461.0,26.22,148.7
889,1318.8,463.3,26.16,148.5
890,1259.1,444.4,25.66,150.7
891,1259.9,419.3,25.61,154.7
892,1130.9,676.8,27.89,185.9
893,1034.9,381.7,28.83,209.0
894,692.6,407.2,31.38,210.7
895,542.3,308.3,28.07,217.4
896,557.4,233.5,26.84,195.9
897,535.9,195.1,26.6,177.6
898,1053.3,105.1,26.37,158.3
899,550.6,39.3,25.93,170.4
900,486.7,99.2,25.7,148.0
901,483.3,34.3,25.63,140.1
902,539.1,107.7,25.89,120.0
903,1331.9,209.6,27.8,190.3
904,619.8,383.0,32.13,337.0
905,534.3,329.1,39.14,328.3
906,581.1,291.1,32.95,311.1
907,579.8,265.8,32.62,319.0
908,578.4,301.3,32.17,350.9
909,528.8,248.4,29.67,364.5
910,1007.4,223.6,28.12,357.1
911,1004.6,312.0,27.97,367.4
912,1399.1,403.1,27.92,383.0
913,1130.8,312.6,27.9,388.9
914,1001.9,326.6,27.88,344.2
915,1021.9,348.2,28.49,353.8
916,552.8,369.7,30.92,342.1
917,575.6,348.4,33.22,317.0
918,541.7,295.3,39.93,332.4
919,1185.5,109.7,33.19,181.7
920,563.8,71.2,29.38,121.9
921,1459.2,39.4,28.31,94.4
922,1015.6,42.2,28.34,102.5
923,1145.4,38.8,28.17,111.0
924,1457.2,37.1,27.97,112.7
925,488.4,97.0,27.69,97.2
926,556.0,57.0,27.71,113.8
927,526.2,49.3,29.73,165.2
928,787.4,233.5,42.49,348.9
929,1355.9,343.4,55.96,329.6
930,1356.0,383.0,50.6,320.5
931,899.4,317.4,37.74,252.9
932,827.5,434.9,34.49,220.4
933,643.7,326.5,31.5,217.6
934,582.6,364.8,28.74,214.6
935,1271.2,463.0,27.95,207.9
936,1201.0,409.1,27.49,197.4
937,647.5,443.2,27.47,190.4
938,1246.0,439.3,27.45,189.0
939,1246.7,638.7,28.02,167.9
940,1249.8,444.9,28.48,160.3
941,1172.1,412.0,33.68,143.1
942,1300.0,431.3,32.43,149.1
943,1144.4,74.8,27.23,109.6
944,1039.2,38.8,25.05,79.3
945,556.7,39.6,24.96,62.5
946,527.5,36.9,24.96,72.3
947,534.3,31.5,24.73,58.9
948,1301.0,54.4,24.15,56.0
949,531.5,79.3,23.53,52.9
950,1284.4,74.5,24.17,52.0
951,597.9,96.1,27.47,97.6
952,540.7,370.1,30.82,127.4
953,803.8,328.1,42.42,118.3
954,735.5,312.7,39.75,121.2
955,609.0,383.5,32.72,88.6
956,552.0,475.7,30.38,85.8
957,1032.0,472.9,28.43,84.4
958,566.5,419.4,25.0,91.1
959,562.9,446.7,21.65,44.1
960,1183.5,428.0,21.54,43.8
961,476.1,445.2,21.04,44.8
962,475.9,435.4,18.74,45.7
963,476.0,438.7,19.91,45.0
964,552.4,357.1,21.57,49.1
965,1249.9,419.8,22.92,56.3
966,1013.6,391.2,26.83,89.5
967,530.9,372.4,27.65,88.1
968,1025.0,217.8,27.8,87.9
969,540.0,185.9,27.27,71.9
970,542.7,205.5,26.95,67.8
971,540.1,177.1,26.45,66.4
972,475.1,137.0,25.54,63.5
973,1259.3,119.0,22.91,30.8
974,482.7,84.7,20.99,30.9
975,482.7,188.6,21.26,33.9
976,1215.2,372.0,22.03,56.5
977,573.7,391.9,28.43,55.4
978,1167.2,254.0,25.27,61.4
979,490.6,402.2,19.55,12.8
980,480.2,405.9,19.11,13.4
981,10.2,408.6,8.74,13.9
982,10.0,317.5,8.69,12.2
983,9.9,306.3,8.66,9.5
984,9.9,305.7,8.52,7.1
985,613.3,199.4,8.67,1.4
986,467.9,211.0,15.61,0.1
987,467.9,209.6,18.52,0.5
988,468.3,216.8,18.71,4.7
989,552.8,271.3,21.87,4.0
990,1181.4,296.7,25.91,4.7
991,471.1,150.8,18.77,0.8
992,618.3,70.7,8.54,0.4
993,10.0,57.7,8.51,0.1
994,10.0,77.0,8.56,0.6
995,10.0,76.3,8.65,0.6
996,10.0,36.2,8.54,0.4
997,0.0,33.4,0.01,0.0
998,0.0,34.7,0.0,0.0
999,9.9,38.8,7.9,0.4
1000,479.0,295.6,25.86,133.4
1001,655.7,411.1,50.18,143.8
1002,804.4,396.1,59.23,128.0
1003,583.2,389.9,32.53,136.8
1004,554.6,370.4,29.59,134.9
1005,1209.0,370.8,28.49,150.7
1006,1163.7,406.3,27.2,151.7
1007,1201.4,343.1,26.75,164.5
1008,528.0,430.9,26.66,177.3
1009,527.4,435.0,26.4,185.0
1010,527.2,440.4,26.65,189.6
1011,582.4,432.6,26.64,194.0
1012,1197.1,357.6,27.07,192.9
1013,557.3,322.6,29.48,176.4
1014,549.1,373.0,27.53,170.3
1015,527.6,140.1,23.3,77.4
1016,481.6,34.7,19.33,47.9
1017,478.2,37.2,19.11,52.8
1018,477.8,47.3,19.65,60.0
1019,485.7,47.5,19.08,59.5
1020,9.8,56.6,8.55,58.0
1021,0.0,108.2,1.6,49.4
1022,0.0,55.2,0.01,46.5
1023,9.9,48.6,10.13,54.1
1024,1245.0,250.3,25.63,144.5
1025,1184.4,373.1,25.03,120.1
1026,1173.1,454.0,27.6,105.8
1027,1160.8,431.7,23.87,69.3
1028,532.3,407.3,23.76,70.1
1029,523.9,474.0,24.79,79.1
1030,522.4,420.0,24.72,88.4
1031,521.1,573.5,24.61,76.1
1032,1237.0,445.0,24.93,109.8
1033,531.5,446.9,25.33,107.1
1034,1236.1,439.9,25.21,107.5
1035,548.9,433.5,25.0,108.9
1036,1003.8,443.3,25.58,108.4
1037,1138.6,373.0,28.29,115.2
1038,1328.8,460.7,28.33,192.2
1039,1055.7,248.2,26.27,187.2
1040,489.8,123.0,25.9,180.3
1041,489.9,144.6,26.03,179.1
1042,489.8,128.4,25.96,175.3
1043,1220.5,117.9,25.23,168.1
1044,1163.6,126.9,24.92,95.3
1045,527.5,155.9,24.62,93.3
1046,558.1,140.9,25.41,180.8
1047,1138.9,267.4,28.02,238.7
1048,628.8,458.1,32.57,374.1
1049,805.2,356.9,60.86,323.8
1050,831.3,465.1,58.9,296.7
1051,629.4,379.3,34.27,287.9
1052,627.7,404.9,33.41,295.0
1053,1402.3,485.6,32.23,298.7
1054,550.8,488.2,30.51,291.0
1055,1199.7,552.4,28.97,296.9
1056,1236.1,567.9,28.41,305.7
1057,568.2,545.7,28.26,290.6
1058,1322.3,581.6,28.23,281.1
1059,540.3,562.4,29.08,278.1
1060,686.0,512.5,30.27,274.1
1061,822.5,527.5,84.48,267.4
1062,816.5,476.3,87.01,247.8
1063,608.0,504.3,33.3,226.6
1064,1029.7,557.0,31.77,229.6
1065,578.7,412.4,31.29,239.5
1066,569.9,326.0,29.98,213.6
1067,1159.6,371.3,28.88,226.4
1068,568.2,373.6,28.03,215.0
1069,529.7,199.9,27.85,229.3
1070,1143.4,112.8,27.75,250.8
1071,1033.5,227.2,28.58,220.1
1072,531.9,567.9,31.24,243.9
1073,1268.5,595.1,35.56,198.0
1074,558.2,536.2,31.36,188.5
1075,549.6,491.5,29.06,139.2
1076,1186.3,538.2,24.97,137.9
1077,1207.7,457.0,22.14,114.9
1078,1045.5,394.8,21.29,110.1
1079,491.8,386.9,18.79,114.1
1080,490.9,304.7,18.87,116.6
1081,475.7,272.4,21.1,129.3
1082,1200.9,315.8,22.92,144.1
1083,529.3,430.6,24.79,225.8
1084,1295.2,363.0,26.41,217.9
1085,589.7,308.5,29.62,218.9
1086,1272.4,295.1,31.22,232.1
1087,1173.0,210.9,27.67,156.0
1088,471.8,134.4,26.07,130.9
1089,471.8,126.2,26.21,140.5
1090,555.0,105.6,26.16,133.7
1091,1277.5,89.2,26.15,125.7
1092,549.2,103.2,25.77,121.0
1093,479.8,97.6,25.64,134.4
1094,548.4,127.9,25.9,138.4
1095,625.0,179.6,28.37,200.7
1096,801.0,188.7,34.62,286.5
1097,1196.2,245.4,63.09,298.9
1098,902.0,364.8,34.67,267.5
1099,1289.6,343.9,31.08,263.1
1100,1274.7,353.5,30.31,269.6
1101,1139.2,411.9,28.1,264.1
1102,551.3,402.1,25.12,201.6
1103,1242.8,458.6,23.26,117.2
1104,1240.9,462.7,23.16,115.7
1105,1239.5,455.3,23.14,115.0
1106,1238.9,463.6,23.13,109.4
1107,1239.5,452.1,23.02,106.2
1108,1242.1,386.4,23.19,105.0
1109,1199.5,367.7,25.3,144.8
1110,544.9,330.2,28.33,181.8
1111,545.5,125.3,27.63,103.9
1112,601.4,38.7,27.84,79.3
1113,601.5,40.6,27.34,95.9
1114,1050.5,70.4,27.03,108.1
1115,1340.9,42.0,26.41,112.2
1116,553.1,67.5,25.96,106.4
1117,1206.7,63.6,24.81,57.7
1118,1206.1,33.5,24.1,56.1
1119,1206.5,68.5,25.17,111.6
1120,803.3,247.6,30.23,185.2
1121,1343.7,310.9,56.19,195.6
1122,835.9,389.3,33.79,197.5
1123,1276.3,402.9,29.24,190.1
1124,1213.9,414.8,27.28,171.5
1125,1209.5,381.0,25.42,147.0
1126,522.7,376.0,24.69,106.8
1127,1239.1,318.8,23.97,117.7
1128,1285.0,272.2,24.46,120.0
1129,604.4,321.5,25.08,156.2
1130,1156.5,303.3,25.29,162.0
1131,1247.3,445.3,26.35,164.0
1132,556.2,449.6,27.75,182.2
1133,532.0,321.7,30.86,208.8
1134,1543.5,295.1,32.35,216.6
1135,549.5,127.1,26.56,172.1
1136,1041.1,34.0,24.92,133.8
1137,483.7,90.5,25.19,136.5
1138,606.9,118.3,24.93,127.0
1139,542.7,134.6,24.6,93.7
1140,1276.7,142.1,24.12,74.3
1141,494.3,147.8,24.05,72.6
1142,1204.5,98.9,23.99,95.8
1143,1223.6,152.7,25.19,142.9
1144,1212.7,415.5,27.9,184.0
1145,1245.8,361.5,30.73,190.6
1146,1231.9,406.4,29.37,192.2
1147,1367.4,406.6,26.76,178.0
1148,1038.3,235.8,25.41,178.5
1149,1244.3,243.9,25.17,196.0
1150,475.7,381.1,25.06,215.8
1151,476.6,290.5,24.98,229.3
1152,562.5,172.3,25.17,234.8
1153,1206.0,220.5,25.08,237.2
1154,526.3,331.4,25.26,239.6
1155,472.7,283.6,25.99,246.5
1156,1007.2,431.2,26.85,264.7
1157,1149.6,392.0,27.4,223.1
1158,489.2,397.4,27.12,332.4
1159,522.0,71.0,24.7,103.1
1160,529.4,63.4,23.65,43.7
1161,1158.7,38.5,23.35,57.8
1162,1193.4,40.9,23.46,57.3
1163,1192.8,43.0,23.45,62.2
1164,1158.0,49.5,23.41,61.9
1165,474.1,53.5,22.86,56.0
1166,551.5,47.3,22.69,52.8
1167,566.0,71.9,24.64,74.6
1168,1235.2,257.4,30.02,207.4
1169,535.1,295.0,32.87,267.0
1170,536.1,298.9,32.2,264.3
1171,1214.6,294.1,30.36,261.8
1172,1237.6,349.3,29.78,228.5
1173,1149.5,375.6,28.1,222.4
1174,572.3,472.0,27.08,231.3
1175,474.0,424.5,26.15,242.1
1176,612.0,311.5,25.69,248.3
1177,1154.2,424.5,25.95,258.8
1178,1153.6,421.8,26.12,272.8
1179,567.5,411.0,26.21,271.5
1180,1124.6,312.3,26.52,254.8
1181,1211.6,351.9,27.52,258.8
1182,523.1,394.9,28.07,247.9
1183,1124.1,66.5,25.94,82.0
1184,1444.9,31.4,23.83,30.3
1185,1226.9,34.9,24.08,33.1
1186,550.8,69.7,24.12,34.1
1187,1274.9,95.2,23.62,37.8
1188,1186.4,42.6,22.38,40.5
1189,9.8,46.1,8.92,36.5
1190,10.0,70.2,8.47,35.4
1191,469.2,81.6,18.34,43.6
1192,522.6,322.2,24.73,88.0
1193,828.7,283.2,39.09,105.2
1194,731.1,306.5,48.66,97.3
1195,619.2,342.8,30.03,91.1
1196,1028.0,372.1,29.05,98.6
1197,562.9,382.1,27.69,95.2
1198,1175.2,541.0,24.76,102.9
1199,525.8,464.3,23.47,13.8
1200,1171.2,451.8,22.76,13.1
1201,1170.5,456.4,22.68,10.2
1202,1170.4,452.8,22.7,8.2
1203,1171.4,445.4,22.73,9.4
1204,1174.3,513.7,22.82,15.0
1205,581.8,391.9,23.43,25.0
1206,1185.3,375.6,23.47,30.4
1207,482.0,85.4,21.54,10.4
1208,9.9,76.0,8.72,0.5
1209,9.9,61.3,8.54,0.4
1210,9.9,51.3,8.52,0.4
1211,9.9,40.0,8.48,0.4
1212,0.0,64.5,0.01,0.4
1213,0.0,70.0,0.01,0.4
1214,0.0,59.6,0.01,0.4
1215,10.0,59.6,8.65,0.5
1216,10.0,245.9,8.71,12.8
1217,587.4,324.6,11.15,26.8
1218,475.9,279.2,9.86,0.9
1219,474.9,267.1,9.83,0.7
1220,10.0,280.7,8.77,0.6
1221,10.0,316.5,8.68,0.6
1222,9.8,307.4,8.41,0.6
1223,0.0,306.2,0.01,0.6
1224,0.0,313.1,0.01,0.7
1225,0.0,322.2,0.01,0.7
1226,0.0,329.3,0.01,0.7
1227,0.0,282.4,0.01,0.7
1228,9.8,314.3,8.42,0.8
1229,582.0,324.2,35.97,3.8
1230,1163.7,356.6,22.5,3.7
1231,474.0,258.7,18.69,3.1
1232,561.1,212.8,21.0,1.6
1233,1214.5,216.8,19.54,2.4
1234,474.7,194.1,18.33,1.1
1235,10.0,227.7,8.77,0.6
1236,10.1,167.0,8.63,0.6
1237,10.1,159.8,8.62,0.5
1238,10.1,143.3,8.61,0.5
1239,10.1,202.2,8.62,0.5
1240,10.1,343.5,8.77,0.6
1241,573.6,277.5,51.75,74.8
1242,573.4,315.2,32.91,97.2
1243,621.6,319.4,26.07,90.2
1244,570.7,266.8,25.27,90.1
1245,1159.2,356.6,22.16,58.4
1246,553.8,197.4,21.58,47.4
1247,476.8,141.2,19.09,97.4
1248,490.8,150.9,19.06,98.7
1249,475.6,185.6,21.06,112.7
1250,1200.8,368.5,22.78,99.2
1251,476.4,356.3,23.86,128.2
1252,1240.8,434.2,26.5,171.9
1253,560.5,317.3,27.64,169.3
1254,649.7,289.1,27.57,196.9
1255,564.8,108.4,23.88,81.1
1256,1166.0,87.9,23.66,57.3
1257,550.4,88.6,23.67,57.0
1258,492.5,71.4,23.63,60.7
1259,1217.2,58.3,23.33,69.0
1260,497.7,59.0,23.16,67.5
1261,545.5,35.5,23.02,65.7
1262,488.0,105.3,23.3,68.1
1263,490.3,36.2,26.24,105.2
1264,1234.1,114.9,30.04,199.1
1265,810.5,376.3,54.39,308.3
1266,908.1,321.2,38.41,361.2
1267,1276.0,326.5,32.86,257.9
1268,1272.6,256.6,31.4,273.8
1269,561.3,348.3,30.23,325.4
1270,1153.6,262.9,29.33,364.4
1271,1224.9,463.7,27.64,366.0
1272,549.7,402.7,27.1,350.3
1273,490.7,394.5,26.4,338.6
1274,488.3,344.5,26.37,315.4
1275,471.6,382.8,26.76,292.7
1276,648.1,463.5,28.05,273.7
1277,1266.3,406.5,29.93,184.4
1278,477.2,355.1,27.5,218.1
1279,1165.5,159.3,23.64,85.2
1280,1257.1,136.2,23.26,69.5
1281,477.5,136.9,23.17,65.8
1282,1217.9,135.5,23.17,80.7
1283,495.4,153.3,22.87,83.8
1284,1163.6,140.0,22.02,62.1
1285,1163.1,143.5,21.84,60.1
1286,494.9,185.2,21.97,62.2
1287,1164.7,222.6,23.6,82.7
1288,483.1,296.2,25.67,151.4
1289,658.0,396.8,56.82,127.7
1290,658.0,406.2,49.73,122.3
1291,1276.0,436.5,30.28,90.6
1292,1242.9,420.2,29.15,87.3
1293,547.1,565.6,27.48,89.0
1294,615.9,372.7,25.35,98.7
1295,609.7,438.4,23.95,0.9
1296,525.4,385.2,23.16,1.3
1297,1239.8,362.2,22.58,0.9
1298,475.9,367.3,18.9,3.0
1299,10.0,258.1,8.65,3.7
1300,9.9,308.7,8.67,7.2
1301,10.0,288.8,8.54,13.5
1302,10.0,279.9,8.66,14.9
1303,10.0,157.1,8.6,13.4
1304,9.9,70.6,8.52,12.3
1305,0.0,57.5,1.6,10.5
1306,0.0,56.1,1.6,11.4
1307,0.0,94.3,1.56,10.1
1308,0.0,80.2,1.55,9.1
1309,0.0,110.5,1.56,9.7
1310,0.0,100.0,1.56,11.7
1311,9.9,125.2,8.48,11.8
1312,10.1,355.3,8.61,13.2
1313,553.7,230.1,30.54,80.6
1314,558.4,193.5,63.01,88.2
1315,1274.7,120.2,31.6,165.4
1316,551.4,161.5,29.27,154.1
1317,549.7,208.7,28.55,181.5
1318,1246.1,173.3,27.7,187.3
1319,1144.1,189.4,26.28,141.1
1320,1200.1,183.7,26.23,215.1
1321,1110.9,198.2,26.2,222.8
1322,1110.4,200.7,26.19,226.1
1323,1187.4,262.1,26.19,225.3
1324,1147.0,395.4,26.93,223.1
1325,1215.2,304.0,27.99,214.0
1326,1266.0,272.9,26.74,117.8
1327,471.1,35.9,10.83,59.0
1328,9.8,66.9,8.44,49.5
1329,10.0,59.0,8.68,40.2
1330,472.8,32.0,8.83,34.9
1331,10.0,33.0,8.91,34.9
1332,471.0,33.4,8.82,34.6
1333,9.8,31.6,8.55,37.4
1334,10.2,31.4,8.54,37.0
1335,472.0,37.8,18.34,32.5
1336,485.5,201.5,27.08,84.2
1337,573.2,358.6,29.12,96.7
1338,816.5,281.4,42.29,90.0
1339,1270.6,283.8,29.62,90.5
1340,1181.0,346.8,28.51,97.6
1341,1227.9,290.9,28.18,97.5
1342,1204.7,311.2,26.98,96.0
1343,531.7,455.0,25.07,98.9
1344,1147.2,469.7,22.68,15.7
1345,467.8,455.0,18.66,0.8
1346,9.9,438.2,8.56,0.7
1347,0.0,255.8,0.01,0.7
1348,0.0,232.5,0.01,0.6
1349,0.0,203.9,0.01,0.6
1350,0.0,337.2,0.01,0.6
1351,0.0,123.2,0.0,0.6
1352,0.0,102.2,0.0,0.0
1353,0.0,120.3,0.0,0.0
1354,0.0,83.0,0.0,0.0
1355,0.0,81.4,0.0,0.0
1356,0.0,117.1,0.0,0.0
1357,0.0,105.2,0.0,0.0
1358,0.0,113.4,0.0,0.0
1359,0.0,89.3,0.0,0.0
1360,0.0,122.7,0.01,0.5
1361,10.0,235.7,8.67,3.5
1362,619.4,273.8,10.37,3.5
1363,10.0,202.5,8.58,0.9
1364,9.9,322.7,8.49,0.9
1365,9.8,252.0,2.98,0.8
1366,9.8,196.9,1.63,0.6
1367,0.0,295.9,0.01,0.6
1368,0.0,223.1,0.01,0.6
1369,0.0,298.0,0.01,0.6
1370,0.0,255.7,0.01,0.6
1371,0.0,353.1,0.01,0.6
1372,0.0,181.8,0.01,0.6
1373,486.0,260.8,20.33,0.4
1374,579.8,172.0,25.6,5.9
1375,557.5,35.6,24.39,3.5
1376,541.7,37.8,24.09,2.0
1377,477.1,44.6,23.95,0.8
1378,534.4,32.1,23.87,0.8
1379,472.5,35.7,24.0,1.1
1380,550.8,36.6,23.37,1.2
1381,494.5,35.0,22.75,1.3
1382,545.9,36.4,23.01,1.3
1383,549.6,36.8,25.31,89.0
1384,541.5,123.6,30.82,166.3
1385,834.8,385.8,64.91,277.7
1386,902.9,314.4,36.98,373.8
1387,1277.4,271.1,31.38,194.3
1388,1256.7,230.9,29.87,185.1
1389,547.8,359.5,28.91,178.3
1390,478.7,501.1,27.27,129.8
1391,1214.5,465.9,26.52,147.5
1392,532.5,370.4,25.35,137.0
1393,520.4,440.9,23.91,75.7
1394,526.4,440.0,23.52,72.3
1395,526.8,435.7,23.53,70.9
1396,473.0,440.4,23.73,71.3
1397,536.4,417.8,27.57,99.8
1398,535.4,338.0,26.09,111.4
1399,495.9,157.9,22.96,21.8
1400,1198.9,108.8,23.03,19.7
1401,542.8,59.1,23.33,23.1
1402,1198.5,68.8,23.32,19.3
1403,1198.0,86.6,23.13,11.7
1404,478.8,99.4,21.81,8.5
1405,604.8,173.2,21.37,9.0
1406,488.0,100.1,22.04,16.4
1407,616.0,182.2,24.63,8.3
1408,586.2,376.0,22.77,32.0
1409,1219.9,293.9,22.07,30.6
1410,484.3,349.8,21.64,25.5
1411,10.2,394.2,8.96,16.3
1412,10.0,324.0,8.75,17.2
1413,10.0,353.5,8.57,16.1
1414,9.8,332.1,4.06,10.0
1415,0.0,183.9,1.54,0.6
1416,0.0,201.9,0.01,0.6
1417,0.0,148.9,0.01,0.6
1418,0.0,163.1,0.01,0.6
1419,0.0,153.6,0.01,0.6
1420,0.0,136.5,0.01,0.6
1421,9.9,169.3,8.43,0.8
1422,10.1,232.9,8.61,0.6
1423,10.1,237.0,8.61,0.5
1424,10.1,227.0,8.62,0.5
1425,10.1,222.3,8.62,0.5
1426,10.1,166.7,8.62,0.5
1427,10.1,164.5,8.62,0.5
1428,10.1,153.1,8.62,0.5
1429,10.1,141.1,8.61,0.5
1430,10.1,143.9,8.62,0.5
1431,10.2,126.5,8.71,0.6
1432,482.8,207.6,18.01,13.4
1433,529.0,215.1,30.13,60.3
1434,529.1,253.8,39.06,62.9
1435,562.4,167.1,28.94,67.5
1436,533.5,247.7,25.92,63.6
1437,1048.9,163.3,16.76,59.5
1438,9.9,164.8,8.78,59.5
1439,9.9,339.3,8.44,63.6
1440,9.9,214.1,8.66,96.0
1441,488.1,187.1,20.47,104.8
1442,1194.9,205.5,21.2,128.8
1443,1228.3,214.8,22.11,130.4
1444,472.1,386.6,24.16,165.5
1445,545.7,340.3,26.63,166.9
1446,540.9,277.0,26.77,164.7
1447,542.0,172.8,25.26,178.3
1448,1158.6,201.8,24.1,161.9
1449,494.3,79.5,23.1,79.1
1450,490.5,41.0,22.95,64.1
1451,474.0,124.1,22.9,59.6
1452,1246.0,151.1,22.88,61.8
1453,1217.5,90.8,22.92,84.0
1454,1256.1,138.7,23.03,138.4
1455,486.6,215.9,25.57,165.1
1456,656.3,215.5,34.45,247.5
1457,695.8,378.0,34.72,309.0
1458,727.3,284.9,34.58,222.9
1459,483.4,278.1,33.49,229.8
1460,492.3,346.7,29.8,198.8
1461,565.9,422.9,27.1,132.5
1462,485.1,519.3,23.65,39.0
1463,1041.6,367.9,20.51,17.7
1464,1039.7,410.8,20.39,16.7
1465,1038.6,403.9,20.36,15.8
1466,1038.2,274.8,20.3,15.6
1467,1038.7,282.9,20.31,15.0
1468,1040.9,414.7,20.36,11.9
1469,1244.4,430.6,22.92,32.5
1470,12.3,367.6,24.63,50.4
1471,1166.6,255.7,25.9,40.9
1472,488.1,227.6,25.7,18.7
1473,606.6,220.9,25.68,13.9
1474,509.8,192.6,25.18,15.9
1475,477.0,169.7,25.17,11.8
1476,494.0,132.7,23.95,14.1
1477,481.9,206.0,23.47,18.0
1478,473.5,242.5,20.81,17.9
1479,473.9,267.8,20.83,18.2
1480,474.4,366.2,20.85,17.7
1481,548.9,298.8,33.52,33.1
1482,483.2,333.1,25.48,14.5
1483,531.2,171.3,24.11,15.2
1484,1231.4,314.8,23.24,2.4
1485,1206.2,262.6,21.77,1.6
1486,614.7,287.9,8.66,1.4
1487,0.0,181.1,0.01,1.4
1488,0.0,187.5,0.01,1.4
1489,0.0,190.8,0.01,1.4
1490,0.0,200.4,0.01,1.4
1491,0.0,188.9,0.01,1.4
1492,0.0,189.9,0.01,1.4
1493,0.0,200.2,0.01,1.4
1494,0.0,69.8,0.01,1.5
1495,0.0,95.3,0.01,1.3
1496,0.0,68.8,0.01,1.1
1497,0.0,53.2,0.01,1.2
1498,0.0,66.3,0.01,1.1
1499,0.0,43.6,0.01,1.0
1500,0.0,43.1,0.01,1.2
1501,0.0,44.3,0.01,1.1
1502,0.0,54.6,0.01,1.2
1503,9.8,60.7,8.46,1.4
1504,10.0,224.4,8.72,1.4
1505,1272.6,428.6,25.38,77.2
1506,1228.4,349.4,28.73,225.2
1507,496.0,169.6,31.02,271.5
1508,478.1,245.0,32.08,254.2
1509,493.6,266.8,31.01,257.8
1510,492.0,169.4,30.74,239.1
1511,490.6,270.8,31.19,286.3
1512,475.4,319.2,28.35,282.4
1513,1210.0,365.6,28.11,265.8
1514,1196.4,387.7,27.68,272.2
1515,1153.6,398.9,27.92,281.1
1516,484.5,318.2,28.18,289.3
1517,1167.8,292.0,29.38,282.2
1518,1245.7,270.3,27.39,247.6
1519,1240.2,191.5,22.66,110.5
1520,488.6,48.8,22.12,67.7
1521,1200.8,81.5,22.15,87.0
1522,1265.3,91.9,22.16,79.1
1523,1202.6,93.5,22.17,77.0
1524,1203.6,100.8,22.17,92.9
1525,1186.1,91.7,22.17,112.1
1526,1153.1,169.9,21.93,92.8
1527,1204.4,147.4,22.15,92.6
1528,552.1,307.4,27.79,218.8
1529,478.4,379.5,31.96,278.7
1530,1363.2,249.9,59.64,276.4
1531,611.5,249.3,33.01,270.3
1532,478.5,321.1,33.63,284.8
1533,477.2,302.6,31.8,275.7
1534,1218.6,177.1,28.33,265.5
1535,570.0,371.0,26.56,239.4
1536,619.1,521.5,25.95,233.7
1537,526.2,457.6,25.9,241.6
1538,560.4,505.0,26.53,241.0
1539,1127.4,369.4,27.33,278.8
1540,1247.0,342.1,29.67,272.2
1541,715.2,397.2,35.26,286.3
1542,1228.2,357.8,29.07,231.7
1543,494.3,67.8,24.54,72.5
1544,526.5,42.0,22.79,32.3
1545,1258.4,45.5,22.23,32.2
1546,1219.3,41.2,22.33,36.3
1547,1214.5,135.6,22.22,37.1
1548,474.2,96.1,22.04,33.9
1549,549.3,105.0,22.13,37.3
1550,531.7,126.1,22.15,41.6
1551,485.8,148.1,22.71,41.1
1552,552.4,175.2,28.52,87.1
1553,657.7,330.3,32.28,84.4
1554,571.5,380.5,27.73,58.2
1555,481.4,324.5,23.89,12.1
1556,480.3,357.7,23.41,0.7
1557,1210.2,276.3,21.89,0.7
1558,10.0,329.7,8.68,0.6
1559,9.9,279.1,8.46,0.7
1560,9.8,209.9,1.59,0.6
1561,0.0,173.3,1.59,0.6
1562,0.0,166.6,1.59,0.6
1563,0.0,182.9,1.59,0.6
1564,9.8,235.5,1.61,1.2
1565,617.3,178.5,8.56,0.7
1566,9.9,219.9,8.5,1.8
1567,0.0,73.6,0.01,0.3
1568,0.0,51.9,0.0,0.3
1569,0.0,36.0,0.0,0.2
1570,0.0,61.6,0.0,0.2
1571,0.0,73.8,0.0,0.2
1572,0.0,43.9,0.0,0.2
1573,0.0,50.9,0.0,0.1
1574,0.0,35.9,0.0,0.0
1575,0.0,58.7,0.0,0.1
1576,9.9,101.3,8.5,0.6
1577,620.8,204.3,8.78,0.8
1578,10.0,225.6,9.36,0.8
1579,10.3,295.0,8.78,0.8
1580,10.0,304.7,8.6,0.8
1581,9.9,261.8,8.5,0.7
1582,0.0,157.3,0.01,0.6
1583,0.0,193.3,0.01,0.6
1584,0.0,192.1,0.01,0.6
1585,0.0,188.0,0.01,0.6
1586,0.0,196.2,0.01,0.6
1587,0.0,190.2,0.01,0.6
1588,0.0,189.7,0.01,0.6
1589,615.4,299.9,2.73,0.6
1590,9.9,187.6,8.48,0.6
1591,10.0,122.9,8.52,0.6
1592,9.9,106.5,8.5,0.5
1593,9.9,115.9,8.5,0.5
1594,9.9,99.6,8.5,0.4
1595,9.9,88.4,7.35,0.5
1596,9.9,105.8,8.41,0.5
1597,10.0,136.4,8.55,0.6
1598,10.0,124.4,8.55,0.5
1599,10.0,86.8,8.57,0.8
1600,10.0,181.2,8.74,2.2
1601,621.2,226.8,16.85,3.0
1602,0.0,213.4,10.11,2.2
1603,10.2,103.6,8.81,1.5
1604,10.0,142.7,8.59,1.5
1605,10.0,164.5,8.51,0.8
1606,9.8,153.3,8.31,0.7
1607,9.8,311.8,3.4,0.7
1608,0.0,406.4,1.61,0.7
1609,0.0,484.6,1.57,0.7
1610,9.7,406.6,7.29,0.7
1611,9.8,401.6,8.38,0.7
1612,9.9,407.7,8.57,0.9
1613,9.9,202.9,8.68,1.8
1614,10.1,134.2,8.78,2.0
1615,10.2,39.9,8.6,0.5
1616,9.9,31.6,8.46,0.4
1617,9.9,31.7,8.5,0.5
1618,9.9,31.5,8.5,0.5
1619,9.9,31.0,8.36,0.5
1620,0.0,86.8,0.01,0.3
1621,0.0,44.3,0.01,0.4
1622,0.0,54.7,0.01,0.4
1623,0.0,55.9,0.01,0.4
1624,481.7,63.8,23.4,4.3
1625,977.5,212.2,30.65,31.7
1626,1277.3,303.0,27.69,14.0
1627,532.5,229.9,25.16,14.2
1628,1210.8,204.2,22.58,14.5
1629,617.7,126.3,9.01,0.8
1630,615.2,209.3,8.69,14.4
1631,9.8,157.0,8.38,11.0
1632,9.9,152.6,8.5,1.2
1633,10.0,120.8,8.91,1.1
1634,1235.6,226.3,21.7,2.3
1635,467.3,215.3,22.85,2.5
1636,1041.9,203.0,25.55,6.4
1637,554.2,220.0,27.66,7.3
1638,550.5,141.7,27.81,2.5
1639,527.8,34.7,23.11,1.3
1640,491.1,42.7,21.29,1.4
1641,473.9,48.3,21.3,1.4
1642,480.7,40.5,21.3,1.6
1643,9.9,41.4,21.29,1.4
1644,493.1,34.6,21.29,1.3
1645,497.1,33.1,21.25,1.2
1646,495.3,31.8,21.25,1.2
1647,475.8,32.4,23.2,1.5
1648,1277.2,99.9,28.09,49.8
1649,870.3,254.7,36.4,95.9
1650,1156.6,307.3,39.48,96.5
1651,793.8,256.8,35.11,93.6
1652,540.1,285.8,29.17,90.8
1653,1272.5,349.1,27.71,48.4
1654,529.0,400.6,26.6,0.8
1655,476.3,354.4,23.68,8.4
1656,467.4,367.6,22.76,0.7
1657,1196.8,301.5,21.48,0.7
1658,1194.7,285.9,21.25,0.7
1659,1193.5,276.8,8.87,0.8
1660,10.0,332.0,8.59,0.7
1661,1197.1,294.7,9.02,0.7
1662,9.9,77.2,8.52,0.6
1663,0.0,82.0,1.49,0.6
1664,0.0,70.1,0.01,0.7
1665,0.0,73.5,0.01,0.7
1666,0.0,76.0,0.01,0.5
1667,0.0,68.9,0.01,0.4
1668,0.0,69.2,0.01,0.4
1669,0.0,61.3,0.0,0.4
1670,0.0,70.2,0.0,0.5
1671,0.0,69.7,0.01,0.5
1672,10.1,175.7,8.75,0.6
1673,1202.1,216.6,10.41,2.2
1674,1206.6,176.5,14.93,2.1
1675,1205.8,195.1,14.43,2.2
1676,616.1,176.6,10.29,1.6
1677,10.1,220.4,8.67,1.0
1678,10.4,246.9,8.46,0.7
1679,9.8,230.9,8.38,0.7
1680,9.7,295.6,7.58,0.7
1681,9.7,326.1,7.58,0.7
1682,9.7,348.7,7.72,0.7
1683,9.7,340.4,8.31,0.7
1684,9.7,307.4,8.35,0.7
1685,10.0,257.5,8.5,0.7
1686,10.0,100.0,8.44,0.7
1687,0.0,58.7,0.01,0.6
1688,9.8,40.9,8.41,1.4
1689,10.4,41.3,8.87,2.4
1690,9.9,54.3,8.87,2.3
1691,9.8,59.1,8.76,1.6
1692,9.9,58.4,8.58,1.4
1693,9.8,34.6,7.66,0.9
1694,9.8,52.5,7.66,1.0
1695,9.8,62.4,7.67,0.6
1696,9.8,148.1,8.41,0.6
1697,9.8,248.6,8.1,0.7
1698,616.5,186.5,8.89,0.9
1699,9.8,256.0,6.68,1.0
1700,9.8,211.9,4.85,1.2
1701,0.0,257.3,0.01,0.6
1702,0.0,310.7,0.01,0.7
1703,0.0,199.9,0.01,0.7
1704,0.0,192.4,0.01,0.7
1705,0.0,215.1,0.01,0.7
1706,0.0,179.8,0.01,0.6
1707,0.0,207.5,0.01,0.6
1708,0.0,247.9,0.01,0.7
1709,10.0,139.0,8.69,0.8
1710,10.2,140.3,8.88,0.8
1711,10.0,85.4,8.89,0.8
1712,11.7,53.6,8.92,0.9
1713,10.0,42.0,8.92,1.1
1714,10.0,36.5,8.78,0.4
1715,10.0,37.4,8.59,0.5
1716,10.0,37.6,8.52,0.5
1717,9.9,38.6,8.49,0.5
1718,9.9,42.5,7.57,0.5
1719,9.9,77.3,7.7,0.5
1720,484.6,74.7,23.57,0.9
1721,1269.0,201.2,43.16,2.7
1722,541.4,163.2,31.34,3.9
1723,550.9,177.0,31.85,4.1
1724,634.5,297.9,26.63,5.2
1725,472.2,333.8,25.07,3.0
1726,487.9,359.6,23.24,2.9
1727,483.1,143.4,22.2,2.8
1728,1176.3,150.7,22.12,3.3
1729,1196.0,226.8,22.23,3.6
1730,471.5,398.0,22.85,3.6
1731,470.2,289.5,24.09,6.5
1732,1202.6,314.2,27.2,8.4
1733,1177.2,275.9,32.1,11.9
1734,575.2,125.2,25.7,3.8
1735,484.5,32.4,20.3,1.5
1736,440.9,69.3,18.18,1.2
1737,440.9,63.0,18.18,1.2
1738,469.8,42.0,18.18,1.5
1739,441.0,32.2,18.18,1.6
1740,440.7,36.9,18.17,1.4
1741,469.3,31.6,18.16,1.3
1742,469.1,61.9,18.14,1.2
1743,486.8,32.0,20.65,1.2
1744,1184.6,100.1,26.24,1.4
1745,797.3,240.5,43.92,30.1
1746,525.9,223.6,30.74,33.5
1747,547.3,317.8,27.54,28.5
1748,1206.6,287.1,26.13,21.2
1749,1239.2,182.1,22.91,0.8
1750,9.9,355.3,8.42,0.7
1751,0.0,292.0,0.01,0.7
1752,0.0,43.4,0.01,0.7
1753,0.0,106.4,0.01,0.7
1754,0.0,218.0,0.01,0.7
1755,0.0,138.1,0.01,0.7
1756,0.0,197.0,0.01,0.6
1757,9.9,203.4,8.51,0.7
1758,10.0,68.5,8.58,0.5
1759,9.9,31.2,8.34,0.5
1760,9.9,31.2,8.35,0.8
1761,9.8,31.1,8.36,0.8
1762,10.0,31.0,8.7,1.2
1763,9.9,31.1,9.37,1.2
1764,9.9,31.0,9.4,1.1
1765,10.0,31.6,8.91,1.1
1766,10.0,31.0,8.66,1.0
1767,1207.7,31.0,17.97,1.1
1768,475.9,95.5,25.76,36.3
1769,841.2,184.5,42.1,147.9
1770,533.0,229.8,28.25,146.1
1771,1196.3,162.1,24.0,136.7
1772,1156.7,110.9,22.87,126.5
1773,9.9,132.9,8.76,112.1
1774,9.9,131.0,8.74,142.1
1775,9.9,178.1,8.66,152.0
1776,9.8,308.9,8.65,162.3
1777,9.8,187.5,8.65,161.1
1778,9.8,192.1,8.65,168.3
1779,9.9,224.6,8.67,154.9
1780,1041.7,127.4,21.01,197.9
1781,1158.6,223.2,23.53,203.0
1782,479.9,132.1,22.33,120.1
1783,481.5,33.9,21.26,56.9
1784,1050.5,34.1,20.17,54.7
1785,1051.1,35.5,20.76,47.4
1786,482.3,33.7,21.27,48.4
1787,490.4,31.1,21.5,51.1
1788,472.8,34.6,21.51,49.9
1789,472.5,31.0,21.38,50.0
1790,472.3,33.2,21.68,45.7
1791,488.1,42.0,25.51,74.5
1792,486.8,139.0,29.66,160.8
1793,820.4,365.3,53.97,403.5
1794,561.7,398.2,34.74,382.4
1795,791.2,195.7,35.1,282.9
1796,531.8,165.0,29.4,268.6
1797,588.9,115.5,27.66,355.3
1798,607.3,351.4,25.81,178.8
1799,1231.9,167.0,24.6,173.5
1800,473.5,96.0,23.3,81.8
1801,471.1,352.8,22.83,85.6
1802,1144.2,276.7,22.83,82.2
1803,529.1,132.8,23.06,80.4
1804,525.6,223.7,25.51,142.4
1805,574.3,396.6,27.13,141.1
1806,557.3,175.4,24.57,31.4
1807,1208.2,32.8,22.02,1.5
1808,480.5,31.6,21.89,1.3
1809,489.3,32.6,21.89,1.2
1810,530.3,32.4,21.89,1.4
1811,1211.5,36.3,22.07,1.6
1812,1211.6,32.9,21.98,1.6
1813,1208.1,32.4,21.47,6.1
1814,1248.3,31.7,21.71,5.3
1815,1251.2,88.7,22.94,5.6
1816,566.0,147.8,27.46,7.5
1817,818.0,277.8,51.0,9.6
1818,530.7,391.2,27.06,11.7
1819,483.5,321.8,23.78,0.7
1820,469.9,240.0,22.97,0.7
1821,9.9,255.1,8.63,0.7
1822,9.9,317.8,8.47,0.7
1823,9.7,203.8,8.33,0.7
1824,9.7,198.2,8.32,0.7
1825,9.7,199.4,8.29,0.7
1826,9.7,234.2,8.31,0.7
1827,9.7,239.0,8.35,0.7
1828,9.9,232.7,8.73,0.7
1829,12.1,270.1,10.19,0.8
1830,12.1,71.1,10.16,1.5
1831,9.8,35.6,8.4,0.6
1832,0.0,35.0,8.44,1.8
1833,9.8,34.9,8.45,1.5
1834,9.8,37.9,8.45,1.2
1835,0.0,44.7,9.79,1.2
1836,9.8,36.4,8.45,0.9
1837,9.8,35.0,8.45,0.7
1838,0.0,34.1,1.55,0.7
1839,9.8,35.5,8.45,1.0
1840,1215.4,50.4,25.98,1.3
1841,1246.5,163.4,27.01,0.9
1842,1279.0,164.4,28.53,0.8
1843,1278.0,167.0,27.64,0.8
1844,56.2,139.2,25.94,0.7
1845,607.5,150.1,24.77,0.8
1846,594.6,242.9,22.82,0.8
1847,478.7,255.4,20.82,0.8
1848,607.6,357.9,18.66,0.8
1849,9.9,357.0,8.66,0.7
1850,9.9,299.5,8.41,0.8
1851,9.9,298.9,8.41,0.8
1852,9.9,300.1,8.41,0.8
1853,9.9,272.7,8.46,0.8
1854,9.7,83.7,8.18,0.6
1855,0.0,34.9,1.51,0.8
1856,0.0,32.2,0.01,1.0
1857,0.0,31.9,1.51,0.8
1858,9.8,30.9,7.49,0.8
1859,9.7,32.5,8.18,0.8
1860,9.8,32.3,8.27,0.7
1861,9.8,34.9,8.27,0.8
1862,9.8,31.0,8.18,0.8
1863,9.8,32.1,8.22,0.8
1864,1214.3,102.7,25.87,1.8
1865,614.7,230.0,26.22,0.8
1866,617.0,222.3,26.69,0.8
1867,10.0,163.6,8.7,0.7
1868,9.9,244.9,8.51,0.7
1869,9.8,118.4,8.26,0.7
1870,0.0,221.4,0.01,0.6
1871,0.0,367.2,0.01,0.6
1872,0.0,180.6,0.01,0.6
1873,0.0,185.2,0.01,0.6
1874,0.0,213.1,0.01,0.6
1875,0.0,230.5,0.01,0.7
1876,0.0,247.5,0.01,0.7
1877,10.0,282.7,8.54,0.7
1878,1226.0,79.7,16.33,0.7
1879,478.7,64.3,19.06,1.8
1880,1289.1,43.5,16.41,1.4
1881,1231.2,48.9,16.43,1.4
1882,471.2,54.4,16.58,1.8
1883,474.9,57.0,16.66,1.1
1884,10.6,56.4,12.48,0.5
1885,9.9,36.4,8.51,0.5
1886,9.9,36.5,8.41,0.5
1887,9.9,46.6,8.51,0.5
1888,11.8,125.0,11.58,1.0
1889,489.1,254.7,22.3,7.3
1890,489.8,217.6,25.61,5.8
1891,1209.7,245.8,10.27,5.6
1892,10.0,246.6,8.72,5.5
1893,9.9,275.9,8.45,4.6
1894,9.8,298.8,6.97,8.7
1895,0.0,176.5,0.01,9.7
1896,0.0,263.5,0.01,5.7
1897,0.0,236.1,1.5,1.0
1898,9.8,368.9,8.78,1.3
1899,489.7,274.4,20.39,1.2
1900,1145.0,206.5,22.04,1.2
1901,1150.6,185.8,23.67,26.0
1902,1158.1,44.0,21.62,1.2
1903,472.1,33.8,21.78,1.4
1904,482.5,52.1,21.81,1.4
1905,472.9,37.2,21.83,1.3
1906,1163.4,51.8,21.9,1.3
1907,1164.4,33.1,22.08,1.1
1908,490.6,58.0,22.0,1.0
1909,480.0,66.7,22.01,1.0
1910,491.3,81.9,22.26,1.0
1911,1168.8,69.2,24.74,0.5
1912,1032.2,131.7,28.65,93.0
1913,555.4,238.7,31.22,248.6
1914,903.2,233.5,49.77,205.4
1915,552.2,151.3,32.15,199.5
1916,553.7,217.5,28.13,135.5
1917,1462.6,232.9,25.35,148.9
1918,1260.6,279.2,23.27,136.1
1919,471.5,362.7,22.56,115.7
1920,1255.9,281.7,22.12,120.8
1921,1234.4,302.7,21.87,135.4
1922,465.4,329.7,22.1,130.6
1923,1147.4,420.8,22.5,135.1
1924,1287.0,281.7,23.51,141.6
1925,1244.9,382.3,24.89,140.7
1926,1194.2,222.8,23.44,99.7
1927,536.4,90.8,23.8,65.1
1928,496.6,67.5,24.07,67.0
1929,550.1,42.4,24.53,66.1
1930,543.6,43.8,24.66,64.6
1931,1202.6,37.8,24.15,64.6
1932,1168.9,41.5,23.9,64.0
1933,575.2,112.5,23.6,68.6
1934,1238.3,81.0,24.21,74.3
1935,1280.8,86.0,26.68,87.3
1936,1146.6,117.8,29.47,251.2
1937,1243.5,177.9,40.28,320.3
1938,816.8,208.2,52.52,314.9
1939,553.1,151.7,32.4,298.4
1940,1231.9,121.3,27.92,264.3
1941,1464.1,81.2,24.54,185.6
1942,1149.1,203.4,22.12,155.0
1943,1146.7,204.6,21.22,153.8
1944,1144.8,301.8,19.6,155.3
1945,9.8,313.3,8.53,161.0
1946,9.9,325.5,8.48,161.7
1947,1037.5,326.4,19.45,149.4
1948,1150.9,321.1,21.3,130.6
1949,484.5,392.7,23.46,121.3
1950,546.5,260.9,23.01,135.4
1951,547.7,138.4,23.48,97.2
1952,482.1,125.1,23.44,77.6
1953,481.2,44.3,23.64,68.3
1954,481.8,48.1,23.68,65.1
1955,1168.1,47.4,23.61,72.6
1956,1259.9,46.7,23.58,84.2
1957,484.7,49.8,23.71,92.4
1958,549.9,45.6,23.94,99.2
1959,1338.6,104.2,27.73,194.8
1960,542.0,106.7,30.64,261.4
1961,1421.7,364.7,48.12,329.5
1962,815.7,314.9,64.75,320.8
1963,709.9,314.2,34.92,303.0
1964,1186.8,221.2,30.44,309.8
1965,659.4,280.4,28.6,344.9
1966,1198.3,352.9,27.54,318.3
1967,1196.8,344.1,26.47,236.2
1968,527.0,263.9,25.72,226.9
1969,543.1,432.6,25.19,230.9
1970,1179.9,392.0,25.44,226.8
1971,1037.3,356.0,26.22,210.3
1972,1130.4,373.2,28.13,320.5
1973,1165.7,331.1,29.05,389.5
1974,479.4,334.9,26.77,295.8
1975,478.9,173.3,24.62,243.4
1976,1155.2,87.0,24.4,181.5
1977,1283.6,45.0,24.36,148.4
1978,1188.7,77.5,24.34,135.8
1979,541.1,74.0,24.34,126.6
1980,1275.3,122.7,24.34,121.6
1981,482.4,94.6,24.32,116.3
1982,1153.9,162.0,24.21,99.6
1983,1363.6,163.5,26.72,188.3
1984,1011.3,162.6,27.97,246.7
1985,1245.3,196.5,29.34,309.3
1986,811.8,236.6,57.5,322.1
1987,720.4,184.4,33.28,322.1
1988,1218.7,318.4,28.48,329.9
1989,1213.7,272.2,28.06,302.8
1990,1033.8,349.7,27.24,273.6
1991,1341.2,322.5,25.95,248.1
1992,542.1,328.9,24.99,206.7
1993,522.1,262.0,24.13,168.3
1994,1181.9,273.7,23.66,170.8
1995,1193.3,271.8,23.87,183.2
1996,542.6,292.7,24.35,175.5
1997,469.7,320.4,25.08,243.1
1998,483.4,92.3,22.14,155.0
1999,485.1,141.3,20.7,110.6
2000,1042.3,142.5,20.73,108.8
2001,1152.1,149.6,20.75,109.4
2002,1152.3,105.5,20.75,104.0
2003,1199.9,132.4,20.75,102.4
2004,526.5,131.3,20.74,105.6
2005,1151.2,131.5,20.73,104.1
2006,1042.2,148.9,20.54,103.6
2007,1201.7,76.3,21.93,99.2
2008,600.6,112.6,25.65,139.7
2009,1004.5,212.8,29.77,227.1
2010,825.0,159.4,55.01,221.7
2011,1262.1,302.4,27.82,182.0
2012,1041.8,362.8,26.26,144.6
2013,524.1,316.2,25.87,133.8
2014,1202.9,334.0,24.97,92.2
2015,532.0,261.2,23.37,59.9
2016,471.7,282.3,22.47,60.4
2017,463.1,294.2,22.28,60.1
2018,469.1,355.5,22.6,59.8
2019,1132.1,399.9,22.83,58.6
2020,543.9,424.7,23.57,56.9
2021,542.3,401.0,23.93,68.6
2022,476.1,64.1,20.38,15.3
2023,1035.4,73.7,16.33,1.7
2024,9.7,77.6,9.08,1.7
2025,9.7,61.4,9.06,1.7
2026,1039.0,57.9,9.01,16.6
2027,9.8,58.5,8.99,20.5
2028,10.1,55.2,8.94,19.4
2029,467.4,77.2,8.91,18.8
2030,10.1,63.8,8.92,18.0
2031,1040.3,35.0,19.3,2.5
2032,1285.6,63.2,24.29,25.7
2033,1174.8,288.8,40.65,128.6
2034,821.4,250.6,52.2,90.1
2035,488.9,261.9,26.58,64.8
2036,1321.4,192.4,24.27,1.7
2037,1199.9,274.3,22.97,0.8
2038,528.6,230.8,21.71,1.1
2039,9.7,232.0,8.36,0.8
2040,0.0,295.9,1.49,0.7
2041,0.0,272.8,0.01,0.7
2042,0.0,311.8,0.01,0.7
2043,0.0,307.3,1.5,0.7
2044,9.8,326.8,1.77,0.8
2045,10.0,368.5,3.05,0.8
2046,9.9,79.1,3.31,0.6
2047,0.0,37.5,0.01,0.4
2048,0.0,38.4,0.01,0.7
2049,0.0,39.7,1.53,0.5
2050,0.0,40.6,1.53,0.6
2051,0.0,49.6,1.53,0.8
2052,0.0,44.5,1.53,0.7
2053,0.0,50.3,1.54,0.7
2054,0.0,45.4,1.55,0.6
2055,469.2,56.8,18.41,0.9
2056,557.4,109.3,25.18,1.3
2057,551.2,188.0,30.78,0.8
2058,479.0,191.7,27.39,0.8
2059,450.5,220.0,18.65,0.8
2060,10.0,146.5,8.66,0.7
2061,9.8,152.8,8.43,0.7
2062,0.0,123.5,0.01,0.6
2063,0.0,217.7,0.01,0.6
2064,0.0,252.3,0.01,0.6
2065,0.0,116.0,0.01,0.6
2066,0.0,63.5,0.01,0.6
2067,0.0,172.4,0.01,0.6
2068,0.0,258.0,0.01,0.7
2069,0.0,312.5,0.01,0.7
2070,0.0,91.3,0.01,0.6
2071,0.0,67.7,0.01,0.4
2072,0.0,65.8,0.01,0.3
2073,0.0,75.7,0.01,0.4
2074,0.0,72.1,0.01,0.3
2075,0.0,60.7,0.01,0.4
2076,0.0,33.8,0.0,0.3
2077,0.0,35.9,0.0,0.4
2078,0.0,44.7,0.0,0.4
2079,0.0,41.4,0.0,0.4
2080,0.0,57.9,0.01,0.4
2081,619.1,78.0,15.91,1.3
2082,620.2,148.2,30.81,1.2
2083,618.8,96.2,8.91,1.8
2084,9.8,189.5,8.46,1.6
2085,0.0,220.1,0.47,0.7
2086,0.0,196.7,0.01,0.7
2087,0.0,156.1,0.01,0.7
2088,0.0,553.4,0.01,0.7
2089,0.0,340.5,0.01,0.7
2090,0.0,494.2,0.01,0.7
2091,0.0,167.9,0.01,0.6
2092,9.9,64.4,8.83,0.7
2093,487.2,155.7,22.85,1.3
2094,469.4,77.2,20.81,1.0
2095,469.5,71.1,12.53,1.0
2096,469.9,36.1,11.76,1.4
2097,469.9,41.3,10.07,0.6
2098,10.5,44.1,9.87,0.8
2099,9.9,32.2,9.76,0.6
2100,9.9,37.8,9.4,0.6
2101,10.0,63.5,9.05,0.4
2102,10.0,59.8,9.03,0.5
2103,471.7,45.5,9.84,0.6
2104,557.5,88.9,24.32,1.6
2105,551.1,103.5,33.99,9.3
2106,485.3,186.8,28.94,7.0
2107,1211.1,213.3,27.3,5.0
2108,1203.7,198.8,21.0,13.7
2109,10.2,261.8,8.67,0.8
2110,9.9,301.4,8.48,0.7
2111,0.0,295.8,1.5,0.7
2112,0.0,279.3,0.01,0.7
2113,0.0,320.9,0.01,0.8
2114,0.0,259.6,0.01,0.8
2115,0.0,286.2,0.01,0.7
2116,0.0,142.9,0.01,0.7
2117,0.0,224.0,1.51,0.6
2118,469.7,126.2,13.36,0.6
2119,10.1,85.1,11.54,0.8
2120,472.9,89.3,11.04,1.1
2121,472.8,43.6,11.02,0.5
2122,473.0,35.2,13.12,0.9
2123,472.9,35.0,13.47,0.9
2124,470.5,34.7,13.64,1.0
2125,369.3,54.9,11.79,0.9
2126,477.9,77.2,18.94,1.0
2127,535.0,111.9,23.06,7.7
2128,530.0,182.6,26.19,77.8
2129,525.4,266.1,50.65,167.8
2130,1251.4,284.4,26.17,209.9
2131,1034.7,225.9,25.29,184.7
2132,1210.1,266.5,23.11,131.5
2133,1152.0,254.6,21.84,125.0
2134,1201.7,253.4,21.63,144.2
2135,1196.1,392.4,22.14,176.1
2136,1145.5,297.2,22.12,210.9
2137,1178.1,293.2,22.34,222.5
2138,1233.6,210.0,22.41,254.1
2139,475.5,202.3,23.48,293.5
2140,554.4,369.7,24.85,302.9
2141,613.2,300.1,26.26,275.4
2142,495.8,287.7,24.78,201.7
2143,481.4,108.7,23.94,171.6
2144,1165.0,119.9,23.55,190.5
2145,1252.8,104.8,23.29,188.1
2146,497.5,67.5,22.96,120.1
2147,1216.8,156.7,22.87,104.5
2148,1216.2,38.1,22.87,126.1
2149,493.1,151.0,22.81,117.3
2150,1253.3,196.8,23.04,99.8
2151,1034.7,217.8,25.94,146.8
2152,494.2,302.8,27.9,166.1
2153,815.5,345.1,52.41,253.6
2154,560.9,378.7,33.17,280.8
2155,478.4,311.1,33.11,228.0
2156,1278.5,386.3,27.95,171.0
2157,609.6,372.2,25.76,162.3
2158,594.8,261.4,24.28,82.7
2159,535.5,340.3,20.03,68.8
2160,559.1,289.7,19.25,67.7
2161,481.5,189.7,19.19,66.9
2162,482.6,305.5,19.11,66.3
2163,558.9,338.6,19.19,66.4
2164,523.8,272.2,19.48,65.6
2165,526.7,325.9,19.76,65.6
2166,557.2,138.7,19.52,63.7
2167,563.1,257.8,19.57,58.2
2168,528.8,75.8,20.09,65.7
2169,478.9,47.7,20.18,95.3
2170,478.9,37.4,20.13,84.4
2171,559.0,71.1,19.81,60.1
2172,558.8,72.0,19.58,59.8
2173,558.0,31.5,19.55,60.5
2174,558.1,50.4,19.56,57.2
2175,579.6,51.0,20.15,70.7
2176,1239.6,86.3,24.37,153.4
2177,1215.3,222.8,27.6,211.5
2178,1207.1,230.9,26.22,175.1
2179,1247.4,255.4,22.7,94.3
2180,562.9,281.2,19.96,46.0
2181,10.0,217.6,8.73,0.8
2182,9.8,315.0,5.53,0.8
2183,0.0,264.2,1.5,0.9
2184,9.7,157.8,7.03,0.9
2185,9.7,168.2,7.18,1.0
2186,9.7,266.4,8.34,1.4
2187,9.7,276.6,8.35,1.6
2188,9.7,268.1,8.35,1.6
2189,0.0,199.7,8.37,1.5
2190,9.7,66.3,6.96,0.9
2191,0.0,65.2,0.01,0.7
2192,0.0,68.0,0.01,0.7
2193,0.0,67.1,0.01,0.6
2194,9.7,51.0,8.13,0.9
2195,9.7,83.5,8.19,0.9
2196,9.7,84.7,8.22,0.8
2197,9.8,37.7,8.22,0.8
2198,9.8,37.1,8.27,0.7
2199,10.0,31.4,8.5,0.8
2200,527.6,144.5,20.02,0.7
2201,1159.9,157.3,24.74,0.9
2202,819.8,225.8,33.0,0.9
2203,1205.9,265.4,25.67,0.9
2204,528.3,284.0,20.06,0.9
2205,10.0,204.2,8.53,0.8
2206,9.9,364.8,8.41,0.7
2207,0.0,397.1,0.01,0.7
2208,0.0,305.5,0.01,0.7
2209,0.0,296.2,0.01,0.7
2210,0.0,305.5,0.01,0.7
2211,0.0,297.0,0.01,0.7
2212,0.0,365.9,0.01,0.7
2213,0.0,216.6,0.01,0.5
2214,0.0,159.5,0.01,0.5
2215,0.0,104.3,0.01,0.4
2216,0.0,106.1,0.01,0.4
2217,0.0,82.9,0.01,0.4
2218,0.0,34.8,0.01,0.6
2219,0.0,41.3,0.01,0.6
2220,0.0,36.9,0.01,0.6
2221,0.0,37.2,0.01,0.6
2222,0.0,32.3,1.53,0.6
2223,9.9,33.5,7.21,0.9
2224,565.4,59.2,19.87,0.8
2225,911.9,77.8,17.17,1.2
2226,10.0,192.1,8.74,11.5
2227,10.0,122.9,8.63,11.9
2228,9.8,194.5,7.19,6.2
2229,0.0,288.8,0.01,7.2
2230,0.0,291.6,0.01,8.4
2231,0.0,229.4,0.01,1.5
2232,0.0,229.6,0.01,2.3
2233,0.0,246.3,0.01,2.5
2234,0.0,248.5,0.01,2.4
2235,0.0,293.5,0.01,1.6
2236,10.1,381.3,8.62,4.3
2237,564.6,264.1,19.34,19.7
2238,482.6,114.1,18.26,2.5
2239,480.3,129.3,18.03,0.7
2240,480.6,86.5,18.01,0.6
2241,483.5,60.9,18.05,0.6
2242,483.4,38.6,18.12,0.6
2243,477.7,55.1,18.25,0.9
2244,483.2,31.2,18.42,1.6
2245,482.8,31.9,18.3,1.7
2246,480.2,31.3,18.29,1.4
2247,480.2,32.6,18.8,1.6
2248,524.4,101.3,23.01,42.4
2249,740.2,197.2,27.29,98.5
2250,556.7,254.4,27.77,91.7
2251,652.5,279.6,25.56,91.0
2252,650.3,156.8,24.61,82.7
2253,564.0,202.3,22.61,63.8
2254,520.8,304.1,21.12,46.6
2255,474.2,350.7,17.77,46.1
2256,465.5,164.1,8.74,48.6
2257,10.0,249.3,8.62,49.8
2258,465.4,244.8,8.66,49.1
2259,10.0,146.0,8.51,48.2
2260,468.5,139.7,8.87,45.9
2261,470.2,118.7,10.62,48.3
2262,471.1,42.4,11.77,49.1
2263,471.7,33.6,10.77,36.7
2264,9.9,32.6,9.61,33.3
2265,10.1,33.7,9.43,33.3
2266,471.8,34.2,9.69,28.9
2267,9.9,34.6,8.98,30.3
2268,9.9,34.2,8.75,30.9
2269,10.0,34.0,8.72,29.8
2270,9.9,44.5,8.48,29.9
2271,10.0,58.1,8.56,33.6
2272,471.1,66.1,10.27,48.5
2273,538.7,102.6,28.25,104.2
2274,1240.6,205.0,31.05,100.7
2275,531.0,233.0,27.68,91.9
2276,528.0,290.3,19.87,44.7
2277,468.4,191.2,11.97,47.4
2278,467.1,298.5,10.06,51.2
2279,9.9,270.0,8.52,52.2
2280,474.5,241.9,8.48,54.6
2281,465.6,185.6,8.54,55.2
2282,465.8,213.2,12.27,55.0
2283,466.8,265.1,12.35,55.9
2284,484.2,243.8,17.29,45.5
2285,546.8,135.5,21.35,52.9
2286,488.4,44.9,17.96,38.0
2287,472.1,37.4,16.28,26.5
2288,472.3,36.8,15.24,26.0
2289,9.9,38.7,8.45,27.8
2290,472.1,37.8,8.73,27.4
2291,472.0,37.1,8.73,29.0
2292,10.0,37.2,8.73,29.1
2293,10.0,36.7,8.64,27.9
2294,10.0,43.1,8.55,27.2
2295,10.0,45.9,8.63,28.3
2296,471.0,82.8,15.57,37.6
2297,1257.6,138.0,27.17,187.2
2298,1211.2,211.1,26.13,246.8
2299,1182.4,209.4,24.4,48.6
2300,470.2,343.4,15.53,0.8
2301,613.4,232.1,8.74,0.7
2302,9.9,318.1,8.57,0.7
2303,9.7,366.3,7.04,0.7
2304,9.7,354.9,6.97,0.7
2305,9.7,384.0,6.96,0.7
2306,9.7,374.0,6.96,0.8
2307,9.7,368.5,6.97,0.8
2308,9.8,371.1,7.06,0.8
2309,9.8,189.9,7.07,0.7
2310,9.8,66.1,8.1,0.9
2311,9.8,38.5,8.2,1.3
2312,9.8,36.5,8.11,1.0
2313,9.8,38.6,7.93,1.0
2314,9.8,40.2,7.95,1.0
2315,9.8,41.0,7.88,1.0
2316,0.0,47.1,1.4,0.7
2317,0.0,44.1,0.01,0.8
2318,0.0,44.4,0.01,0.8
2319,0.0,62.3,0.01,0.7
2320,468.6,52.1,10.03,1.2
2321,1192.6,98.4,29.25,1.1
2322,474.2,148.9,26.02,9.9
2323,539.7,213.8,26.01,7.4
2324,467.9,216.0,10.29,2.4
2325,0.0,122.7,1.5,9.9
2326,0.0,225.2,0.01,0.7
2327,0.0,375.0,0.01,0.7
2328,0.0,352.4,0.01,0.7
2329,0.0,316.8,0.0,0.7
2330,0.0,315.0,0.0,0.7
2331,0.0,317.4,0.0,0.7
2332,0.0,341.7,0.01,0.6
2333,0.0,125.4,0.0,0.6
2334,0.0,124.3,0.0,0.5
2335,0.0,72.8,0.01,0.7
2336,0.0,63.9,0.01,0.7
2337,0.0,68.4,0.01,0.7
2338,0.0,81.5,0.01,0.8
2339,0.0,84.0,0.01,0.9
2340,0.0,94.3,0.01,0.9
2341,0.0,65.2,0.01,0.8
2342,0.0,70.9,0.01,0.5
2343,9.7,88.6,8.4,0.7
2344,535.8,122.9,20.14,0.8
2345,550.5,179.8,21.51,0.9
2346,614.3,181.7,44.27,1.4
2347,822.8,202.0,52.83,1.1
2348,490.9,230.3,21.84,0.8
2349,535.3,276.1,20.33,0.9
2350,472.8,286.7,17.95,0.8
2351,9.8,305.9,8.4,0.7
2352,0.0,202.1,0.01,0.7
2353,0.0,281.1,0.01,0.7
2354,0.0,316.3,0.01,0.8
2355,0.0,262.4,0.08,0.9
2356,607.0,340.8,1.48,1.0
2357,0.0,230.6,1.26,0.8
2358,0.0,126.5,0.01,1.0
2359,0.0,67.1,0.0,0.7
2360,0.0,65.3,0.0,0.7
2361,0.0,66.2,0.0,0.6
2362,0.0,67.8,0.0,0.4
2363,0.0,71.4,0.0,0.7
2364,0.0,72.1,0.0,0.4
2365,0.0,100.3,0.0,0.3
2366,0.0,111.1,0.0,0.4
2367,0.0,124.5,1.32,1.0
2368,464.7,36.9,16.6,1.4
2369,466.5,74.1,20.85,1.4
2370,552.8,152.9,44.76,1.2
2371,544.6,100.6,24.83,1.3
2372,481.2,135.5,20.6,1.1
2373,481.5,148.6,17.33,0.9
2374,9.8,219.6,8.92,0.9
2375,9.8,242.6,8.53,3.7
2376,9.8,209.5,8.44,1.0
2377,9.8,228.7,8.72,1.8
2378,464.5,235.9,9.44,1.4
2379,465.7,221.4,10.92,1.5
2380,476.1,138.0,17.93,1.4
2381,478.3,132.3,17.11,1.1
2382,616.7,31.7,8.48,1.0
2383,10.0,31.2,8.49,1.3
2384,9.8,60.4,8.11,0.8
2385,0.0,31.2,1.57,0.6
2386,0.0,31.2,0.01,0.4
2387,0.0,31.3,0.01,0.3
2388,0.0,31.0,0.0,0.3
2389,0.0,38.4,0.0,0.2
2390,0.0,36.3,0.0,0.2
2391,0.0,31.2,0.0,0.3
2392,0.0,101.4,0.01,2.8
2393,1153.1,156.9,22.51,41.1
2394,836.5,200.7,44.98,44.3
2395,531.0,192.1,26.25,55.9
2396,529.8,147.3,20.85,48.5
2397,468.5,203.6,16.73,46.4
2398,9.9,262.6,9.13,50.6
2399,9.9,180.5,8.49,54.4
2400,9.9,183.6,8.55,56.3
2401,9.9,186.1,8.78,111.3
2402,466.0,181.8,14.81,119.3
2403,473.5,201.9,18.45,113.8
2404,539.1,212.0,20.78,103.0
2405,494.8,202.9,21.52,94.4
2406,469.8,65.8,14.74,64.2
2407,9.9,31.2,8.86,46.0
2408,10.0,31.1,8.56,35.3
2409,9.9,70.5,8.34,39.5
2410,9.9,72.6,7.94,38.8
2411,9.9,67.4,7.77,35.7
2412,9.8,66.7,7.55,37.5
2413,9.8,74.1,6.97,41.9
2414,0.0,60.2,1.56,39.1
2415,0.0,34.0,1.51,34.5
2416,9.9,96.8,8.3,37.9
2417,554.1,67.4,25.14,53.8
2418,884.8,172.7,45.85,134.1
2419,477.7,230.1,26.51,56.7
2420,471.2,317.8,9.93,45.3
2421,9.9,243.9,8.59,44.5
2422,10.1,339.6,8.51,44.9
2423,9.9,267.1,8.37,47.6
2424,9.9,279.3,8.36,47.9
2425,9.9,183.5,8.36,49.3
2426,9.9,271.1,8.35,51.3
2427,9.9,195.2,8.42,54.7
2428,469.7,255.9,10.05,54.4
2429,565.5,148.7,19.57,93.9
2430,469.9,31.8,17.41,47.9
2431,472.6,32.6,9.88,33.3
2432,472.6,32.3,8.51,29.1
2433,472.4,31.1,8.51,30.8
2434,525.2,31.0,8.51,32.7
2435,525.2,31.0,8.51,32.8
2436,525.0,31.0,8.5,32.9
2437,10.0,31.2,8.5,31.2
2438,9.9,31.0,8.49,29.8
2439,10.1,31.1,10.83,29.0
2440,1212.1,34.3,23.82,69.7
2441,535.2,335.9,27.58,213.8
2442,545.9,298.1,28.56,306.5
2443,536.7,322.9,29.48,203.0
2444,1164.6,257.0,26.84,211.1
2445,529.2,276.8,24.47,179.0
2446,551.8,174.1,23.45,150.7
2447,645.4,292.6,23.01,155.2
2448,526.9,324.8,22.92,165.0
2449,526.7,387.2,22.48,106.1
2450,527.0,424.2,22.49,90.9
2451,599.0,390.5,23.85,90.7
2452,1227.3,381.3,26.73,91.0
2453,1222.5,167.1,21.54,80.4
2454,9.9,57.1,8.48,32.0
2455,9.9,32.2,1.6,32.9
2456,9.9,31.8,1.6,32.3
2457,9.9,31.6,1.6,32.4
2458,9.9,33.2,1.6,32.6
2459,9.9,32.7,1.6,33.3
2460,9.9,32.2,1.6,34.8
2461,9.9,32.2,1.6,33.5
2462,9.9,32.5,1.6,32.8
2463,9.9,32.8,3.22,30.1
2464,533.0,47.0,23.07,66.0
2465,812.3,150.2,42.56,115.0
2466,1274.6,222.0,28.31,91.1
2467,550.3,179.8,28.15,87.0
2468,533.6,247.8,26.03,81.5
2469,521.6,146.7,23.99,80.4
2470,1212.2,243.5,22.27,79.3
2471,524.7,353.8,19.94,0.8
2472,474.0,277.6,16.9,0.8
2473,9.9,254.3,8.48,0.8
2474,9.7,308.7,8.37,0.8
2475,9.8,362.4,8.41,0.8
2476,9.8,177.7,8.39,10.9
2477,0.0,199.0,1.6,8.5
2478,9.9,36.3,1.94,0.5
2479,0.0,38.7,1.63,0.6
2480,0.0,31.8,0.01,0.4
2481,0.0,36.8,0.01,0.4
2482,0.0,33.2,0.01,0.4
2483,0.0,35.2,1.51,0.4
2484,0.0,33.8,1.57,0.4
2485,0.0,32.8,1.57,0.4
2486,9.8,33.7,1.66,0.5
2487,10.0,50.4,8.71,4.1
2488,470.6,159.8,14.38,5.9
2489,1192.8,201.8,43.25,7.1
2490,1194.2,75.9,28.05,1.2
2491,1193.0,118.4,24.84,0.8
2492,469.5,117.6,13.73,1.1
2493,9.9,227.4,8.56,0.8
2494,9.9,197.8,8.57,0.9
2495,9.8,272.6,8.36,0.9
2496,9.8,305.0,8.35,0.9
2497,9.8,343.8,8.35,1.0
2498,9.8,215.4,8.45,1.1
2499,9.8,249.2,8.81,1.4
2500,484.3,247.7,20.03,1.4
2501,463.8,166.4,16.16,2.0
2502,9.8,51.4,8.84,1.4
2503,9.9,63.9,8.78,1.2
2504,10.5,31.2,8.84,1.3
2505,9.9,54.1,8.84,1.4
2506,10.0,31.1,8.84,1.3
2507,10.0,35.9,8.84,1.4
2508,9.8,49.1,8.84,1.5
2509,9.9,47.3,8.83,1.3
2510,9.8,43.4,8.84,1.5
2511,468.7,34.0,11.5,1.8
2512,491.2,59.4,20.19,2.5
2513,521.0,83.8,25.09,2.0
2514,787.0,161.7,27.97,7.3
2515,546.3,162.1,24.88,6.4
2516,480.5,101.7,17.55,8.1
2517,9.9,203.9,8.63,0.9
2518,0.0,184.8,1.5,0.8
2519,0.0,242.5,0.01,0.8
2520,0.0,299.4,0.01,0.8
2521,0.0,289.8,0.01,0.7
2522,0.0,232.0,0.0,1.0
2523,0.0,250.0,0.0,1.0
2524,0.0,264.2,0.0,1.0
2525,0.0,198.4,0.0,0.6
2526,0.0,139.4,0.0,0.0
2527,0.0,152.6,0.0,0.0
2528,0.0,62.6,0.0,0.0
2529,0.0,90.5,0.0,0.0
2530,0.0,68.1,0.0,0.0
2531,0.0,97.1,0.0,0.0
2532,0.0,91.7,0.0,0.0
2533,0.0,94.0,0.0,0.0
2534,0.0,78.3,0.0,0.1
2535,0.0,48.7,0.0,0.3
2536,0.0,163.2,0.01,0.4
2537,615.2,170.3,0.42,0.7
2538,616.7,227.8,8.54,0.7
2539,616.8,185.0,8.54,0.7
2540,0.0,223.3,0.32,0.7
2541,0.0,282.6,0.01,0.6
2542,0.0,276.2,0.01,0.6
2543,0.0,285.9,0.01,0.6
2544,0.0,314.3,0.01,0.6
2545,0.0,296.7,0.01,0.6
2546,0.0,248.5,0.01,0.6
2547,0.0,228.4,0.01,0.6
2548,0.0,226.8,0.01,0.6
2549,0.0,198.7,0.01,0.5
2550,0.0,80.8,0.01,0.4
2551,0.0,94.0,0.01,0.5
2552,0.0,124.3,0.01,0.5
2553,0.0,110.1,0.01,0.5
2554,0.0,92.3,0.01,0.4
2555,0.0,53.0,0.01,0.4
2556,0.0,85.9,0.01,0.4
2557,0.0,97.2,0.01,0.4
2558,0.0,106.1,0.01,0.4
2559,0.0,98.6,1.63,0.5
2560,562.8,53.9,21.62,84.8
2561,535.7,254.6,26.84,282.2
2562,883.1,307.9,46.44,263.5
2563,663.3,220.4,32.27,302.5
2564,622.3,209.4,29.04,219.1
2565,520.2,333.6,25.45,211.6
2566,527.0,346.1,24.28,243.3
2567,561.2,440.2,23.35,259.8
2568,1208.3,439.8,22.08,411.5
2569,488.4,447.8,22.17,362.1
2570,572.7,464.1,22.29,329.5
2571,526.7,453.1,23.53,385.9
2572,600.9,428.9,26.16,210.5
2573,489.3,259.4,22.33,191.4
2574,471.6,43.8,16.78,39.7
2575,472.1,42.7,16.68,34.6
2576,470.0,59.5,16.38,31.8
2577,472.2,41.3,16.52,34.1
2578,472.0,37.3,16.35,30.2
2579,472.0,37.8,16.24,30.9
2580,471.9,37.6,16.24,31.2
2581,0.0,38.0,1.65,31.9
2582,0.0,38.1,0.13,31.9
2583,0.0,37.7,0.01,32.0
2584,479.4,32.1,16.32,32.6
2585,822.5,97.0,49.98,80.8
2586,1694.7,196.8,41.63,88.5
2587,553.8,264.9,27.29,81.4
2588,591.2,273.2,24.06,80.2
2589,536.1,240.3,21.88,78.2
2590,475.2,367.8,17.81,0.8
2591,9.9,245.3,8.45,0.7
2592,9.7,263.9,7.99,0.7
2593,0.0,267.9,0.01,0.7
2594,0.0,262.6,0.01,0.7
2595,9.8,217.2,8.01,1.8
2596,9.8,165.3,8.26,4.7
2597,9.9,235.4,8.43,6.6
2598,10.0,166.5,8.5,4.7
2599,10.0,104.5,8.66,0.5
2600,9.9,59.7,8.43,0.5
2601,9.9,58.9,8.22,1.7
2602,9.9,41.0,8.43,0.5
2603,10.0,48.6,8.49,0.5
2604,9.9,45.6,8.45,0.5
2605,9.9,63.4,8.13,0.4
2606,9.9,40.3,8.14,0.6
2607,9.9,31.5,8.49,0.9
2608,471.8,57.3,16.61,36.4
2609,1263.9,158.6,33.07,241.6
2610,560.0,178.3,28.03,301.8
2611,1013.8,193.4,27.06,182.7
2612,470.4,155.3,17.04,47.4
2613,9.9,168.2,8.52,45.6
2614,611.6,171.4,1.59,0.7
2615,0.0,194.2,0.01,0.7
2616,0.0,207.9,0.01,0.7
2617,0.0,167.2,0.01,0.7
2618,0.0,156.1,0.01,0.7
2619,0.0,133.1,0.01,0.6
2620,0.0,100.8,0.01,0.5
2621,0.0,89.7,0.02,0.6
2622,10.0,68.5,8.64,0.6
2623,472.0,49.7,10.27,0.8
2624,10.1,62.9,8.55,0.7
2625,10.0,54.1,8.56,0.7
2626,9.9,50.6,8.49,0.6
2627,9.9,49.9,8.51,0.8
2628,9.9,51.6,8.5,0.7
2629,10.0,58.3,8.52,0.8
2630,10.0,75.6,8.58,0.8
2631,10.0,57.0,8.59,0.8
2632,472.6,97.4,14.97,1.1
2633,567.5,127.1,20.27,2.2
2634,533.1,115.8,21.13,1.3
2635,480.5,102.2,19.8,1.2
2636,470.5,82.5,12.33,0.5
2637,468.5,88.7,8.74,0.6
2638,611.8,60.1,8.43,0.6
2639,610.7,57.2,8.41,0.1
2640,610.0,50.4,1.61,0.5
2641,609.5,183.1,1.54,0.7
2642,0.0,55.2,0.02,0.8
2643,0.0,61.4,0.02,1.0
2644,0.0,55.7,1.56,1.4
2645,616.1,35.9,8.49,1.3
2646,471.5,40.2,11.24,1.4
2647,472.4,53.9,11.36,1.8
2648,472.9,51.3,11.27,1.8
2649,472.9,42.8,11.27,1.7
2650,472.8,38.3,9.76,1.4
2651,472.9,37.1,9.74,1.4
2652,472.7,35.6,9.52,1.2
2653,9.9,36.1,8.5,0.8
2654,0.0,35.8,1.61,1.0
2655,10.0,31.4,9.24,1.3
2656,539.7,32.1,21.93,67.3
2657,1013.2,154.6,27.38,140.1
2658,786.2,239.6,27.3,194.3
2659,522.2,216.3,27.66,181.8
2660,551.7,188.8,24.45,196.9
2661,530.6,120.2,22.58,213.0
2662,477.1,235.6,20.45,88.2
2663,558.7,274.2,19.2,68.2
2664,473.4,334.3,17.61,63.0
2665,473.0,222.1,17.22,72.8
2666,470.8,250.6,17.64,72.9
2667,474.0,244.0,18.39,77.0
2668,523.4,180.3,19.39,64.2
2669,480.1,86.5,17.66,75.7
2670,467.9,35.1,16.41,36.4
2671,468.7,34.0,15.52,35.7
2672,469.0,33.9,15.4,33.5
2673,469.1,31.3,15.22,30.3
2674,469.0,31.9,15.1,29.8
2675,468.8,32.1,15.1,30.0
2676,468.5,32.7,15.09,29.6
2677,468.1,33.1,15.19,30.8
2678,468.0,35.7,15.18,33.3
2679,468.0,31.2,15.48,36.1
2680,549.2,127.6,20.04,41.5
2681,553.9,85.8,23.79,166.1
2682,1203.3,305.0,26.55,312.4
2683,1008.8,330.3,27.25,232.6
2684,582.9,290.8,24.82,147.4
2685,646.1,104.5,23.0,128.3
2686,573.1,266.5,21.09,67.9
2687,488.2,400.1,19.93,50.4
2688,483.3,405.2,19.11,47.8
2689,472.9,411.0,18.66,48.4
2690,461.4,417.4,18.49,51.1
2691,535.3,427.3,18.74,52.3
2692,535.9,433.9,19.1,54.1
2693,471.0,117.8,16.46,42.3
2694,0.0,32.7,0.01,34.5
2695,0.0,33.9,1.62,32.4
2696,0.0,31.3,1.54,36.4
2697,0.0,30.9,0.01,40.6
2698,0.0,30.9,0.01,43.7
2699,0.0,31.1,0.01,46.0
2700,0.0,30.9,0.01,46.5
2701,0.0,31.1,0.0,45.7
2702,0.0,32.5,0.0,46.4
2703,0.0,33.1,0.0,50.2
2704,0.0,49.5,0.01,63.7
2705,1041.1,73.5,20.97,106.2
2706,823.4,156.3,51.56,243.1
2707,1206.4,207.0,26.66,218.8
2708,1042.7,151.5,20.92,107.4
2709,476.2,153.4,19.19,120.3
2710,478.2,160.2,17.37,126.6
2711,472.0,247.5,17.62,130.3
2712,471.3,182.6,17.58,121.5
2713,471.3,160.8,18.17,131.2
2714,542.3,198.7,20.02,127.0
2715,535.7,196.1,20.54,120.3
2716,489.3,219.5,22.7,108.5
2717,491.4,179.9,20.52,92.0
2718,10.1,31.7,8.9,37.6
2719,9.8,31.5,8.57,33.3
2720,9.8,31.0,8.31,30.1
2721,9.9,35.1,7.79,36.6
2722,9.9,31.2,7.78,38.6
2723,9.8,31.1,7.78,43.4
2724,9.9,31.1,7.78,41.7
2725,9.9,33.0,7.77,39.3
2726,9.8,31.2,7.71,37.4
2727,9.9,31.2,7.77,38.6
2728,471.3,32.5,11.0,45.5
2729,476.3,108.9,26.56,240.9
2730,878.4,305.6,49.88,304.7
2731,690.0,277.3,27.27,296.0
2732,546.6,252.9,25.5,194.5
2733,521.0,268.2,22.28,203.9
2734,490.3,280.2,20.58,85.4
2735,9.9,274.2,8.78,3.1
2736,0.0,311.3,1.59,2.8
2737,0.0,236.5,0.01,8.8
2738,0.0,208.3,0.01,6.0
2739,0.0,372.1,1.61,15.2
2740,9.9,278.0,8.68,9.9
2741,470.4,175.9,9.76,4.5
2742,9.8,98.9,8.44,0.9
2743,9.8,84.6,8.5,1.2
2744,9.9,57.4,8.5,1.2
2745,9.8,55.1,8.5,1.1
2746,9.9,69.2,8.5,1.0
2747,9.9,82.9,8.5,1.0
2748,9.9,90.1,8.5,1.2
2749,9.8,68.5,8.46,1.0
2750,9.9,58.9,8.46,1.0
2751,471.2,61.4,13.04,2.0
2752,1205.6,35.0,21.86,77.1
2753,1209.6,197.9,27.4,305.0
2754,1160.6,349.4,42.3,359.7
2755,689.9,293.1,27.51,292.7
2756,540.7,221.5,24.16,122.4
2757,1197.8,184.7,21.62,98.6
2758,536.0,375.6,20.17,54.1
2759,473.9,464.7,17.76,49.4
2760,465.3,455.8,13.95,46.9
2761,465.1,375.5,9.01,49.1
2762,9.9,377.1,8.44,49.0
2763,9.9,352.6,8.46,50.0
2764,9.9,397.9,8.51,51.2
2765,10.0,305.3,8.53,52.0
2766,471.2,185.8,10.74,44.8
2767,10.0,190.9,9.37,44.3
2768,472.0,143.5,9.54,43.8
2769,9.8,203.7,9.36,49.9
2770,10.0,185.1,9.37,49.4
2771,10.1,176.2,9.47,47.4
2772,9.9,164.7,9.38,41.7
2773,471.7,137.7,11.26,38.9
2774,471.5,152.6,16.38,40.8
2775,485.9,138.5,19.36,41.4
2776,568.3,172.8,23.18,78.0
2777,823.7,221.8,43.98,162.3
2778,1211.9,350.7,26.67,167.5
2779,739.6,312.5,26.17,162.2
2780,1205.9,255.3,26.11,95.8
2781,563.8,159.9,23.1,92.0
2782,519.2,269.6,21.51,54.2
2783,548.4,397.5,20.21,1.0
2784,487.4,410.5,19.57,1.0
2785,476.7,380.0,19.4,1.0
2786,480.4,388.8,17.15,0.9
2787,9.9,369.4,8.48,0.8
2788,9.9,381.5,8.5,3.7
2789,9.8,103.3,8.45,0.6
2790,0.0,43.0,1.57,0.5
2791,9.9,40.0,1.79,0.6
2792,9.9,31.5,1.79,0.9
2793,0.0,31.1,1.45,0.6
2794,0.0,31.0,1.45,0.6
2795,0.0,31.1,1.45,0.6
2796,0.0,31.0,1.45,0.6
2797,0.0,46.6,1.45,0.7
2798,0.0,31.0,1.46,0.8
2799,0.0,31.0,1.46,0.9
2800,9.9,33.9,1.7,0.9
2801,1155.9,62.5,25.21,1.3
2802,565.8,156.8,19.83,1.5
2803,480.0,176.8,19.09,12.0
2804,476.5,185.2,17.41,0.9
2805,472.6,258.9,17.34,0.9
2806,10.0,193.5,8.94,0.9
2807,9.9,239.7,8.46,0.8
2808,9.7,311.9,7.17,0.8
2809,9.7,290.6,6.09,0.8
2810,0.0,193.5,0.01,0.8
2811,0.0,201.4,0.01,0.8
2812,9.8,259.5,6.13,0.8
2813,9.8,46.0,8.42,0.7
2814,9.9,48.5,8.08,0.9
2815,9.9,32.3,6.99,0.7
2816,9.9,31.0,6.99,0.7
2817,9.9,31.2,6.99,0.8
2818,9.9,32.0,7.6,0.8
2819,9.9,31.0,7.06,0.8
2820,9.9,30.9,6.98,0.8
2821,9.9,31.7,6.97,0.7
2822,9.8,30.9,6.97,0.7
2823,9.8,31.3,8.45,0.8
2824,9.8,53.7,8.47,1.1
2825,616.1,142.2,8.84,0.7
2826,10.1,265.3,16.92,1.0
2827,10.0,138.9,8.72,1.0
2828,9.8,149.0,8.44,1.1
2829,9.8,170.5,7.28,0.8
2830,0.0,281.8,0.01,0.7
2831,0.0,275.7,0.01,0.7
2832,0.0,326.5,0.01,0.7
2833,0.0,267.2,0.01,0.7
2834,0.0,254.0,0.01,0.7
2835,0.0,298.8,0.01,0.7
2836,0.0,258.7,0.01,0.8
2837,0.0,174.7,0.01,0.8
2838,0.0,177.5,1.58,0.7
2839,9.8,100.6,1.75,0.7
2840,9.8,130.1,7.65,0.8
2841,9.8,47.1,8.46,1.0
2842,470.0,44.8,15.13,1.7
2843,467.4,45.4,16.41,1.7
2844,491.8,44.3,16.92,2.1
2845,469.1,46.4,17.3,2.2
2846,558.0,80.3,19.57,3.8
2847,548.0,43.8,21.05,3.4
2848,1244.4,81.7,22.28,156.4
2849,818.3,146.8,37.2,165.5
2850,831.6,277.1,46.36,205.6
2851,832.6,240.5,59.83,198.1
2852,546.0,215.4,24.86,149.5
2853,471.1,179.7,21.91,144.4
2854,478.0,395.7,16.94,72.8
2855,9.8,286.2,8.42,73.5
2856,608.6,283.0,8.31,74.7
2857,608.2,340.4,8.3,75.1
2858,9.8,315.2,8.37,74.2
2859,9.8,347.6,8.6,73.9
2860,464.7,274.6,9.6,74.6
2861,9.7,59.4,8.39,50.4
2862,9.7,83.6,8.34,46.7
2863,9.7,78.1,8.39,36.3
2864,9.8,76.0,8.34,39.6
2865,9.7,76.1,8.35,41.8
2866,9.8,81.5,8.35,43.0
2867,9.8,74.3,8.35,46.0
2868,9.8,73.9,8.36,43.7
2869,9.8,32.1,8.49,46.1
2870,9.8,55.4,10.47,53.8
2871,483.7,31.2,20.36,66.1
2872,1236.4,293.4,24.94,182.5
2873,1258.5,417.0,27.46,210.5
2874,806.3,363.8,43.49,202.0
2875,537.1,354.8,28.57,197.4
2876,543.5,431.3,26.89,208.0
2877,1156.2,444.0,25.61,222.6
2878,555.7,425.9,23.05,235.2
2879,1178.5,450.1,22.51,211.0
2880,1141.4,320.6,21.94,200.9
2881,547.0,323.0,21.91,199.8
2882,1143.9,328.1,21.93,196.7
2883,469.1,453.0,22.7,198.0
2884,648.0,447.0,24.7,168.1
2885,470.9,382.6,23.69,152.8
2886,551.3,136.9,22.68,141.1
2887,477.4,123.4,22.61,117.1
2888,554.9,77.9,22.46,114.5
2889,1211.9,72.9,22.43,115.8
2890,1161.6,89.8,22.42,112.7
2891,1212.7,93.2,22.43,111.4
2892,554.8,82.0,22.42,119.6
2893,480.6,115.1,23.14,123.4
2894,549.2,71.5,24.24,124.4
2895,1456.5,245.3,26.21,131.3
2896,640.6,176.2,27.29,142.0
2897,878.5,248.3,37.39,197.4
2898,829.9,375.5,42.6,249.3
2899,548.8,291.5,29.12,182.0
2900,1164.4,229.7,26.94,131.0
2901,728.5,364.3,25.22,92.4
2902,556.7,442.3,23.09,92.2
2903,540.5,476.1,21.72,53.3
2904,522.8,461.9,20.16,52.7
2905,572.5,439.5,19.86,52.9
2906,480.7,442.1,19.62,53.0
2907,523.9,463.8,20.34,51.6
2908,478.4,420.5,22.08,58.1
2909,578.9,219.0,20.27,41.4
2910,9.9,104.5,8.49,29.3
2911,0.0,102.8,1.61,29.1
2912,9.9,102.2,1.61,29.0
2913,0.0,102.8,1.61,28.8
2914,9.9,102.6,1.61,28.8
2915,0.0,104.1,1.61,28.6
2916,9.9,102.5,1.61,28.4
2917,0.0,100.2,1.58,28.5
2918,0.0,102.7,0.01,28.5
2919,0.0,102.9,0.01,28.6
2920,9.9,103.6,8.5,28.8
2921,827.8,235.3,28.47,66.4
2922,828.0,309.0,28.93,81.4
2923,628.7,322.2,28.13,80.4
2924,1248.3,300.5,22.87,80.8
2925,477.3,204.6,19.8,9.2
2926,9.9,287.7,8.48,5.1
2927,0.0,257.8,0.01,12.2
2928,0.0,110.1,0.01,0.7
2929,0.0,96.9,0.01,0.5
2930,9.7,133.6,8.33,0.2
2931,9.9,156.1,8.56,0.2
2932,476.7,149.2,9.95,2.9
2933,478.7,54.5,10.0,2.5
2934,10.0,39.1,8.66,0.1
2935,10.0,34.9,8.69,0.1
2936,9.9,40.1,8.59,0.3
2937,10.0,31.4,8.76,0.4
2938,481.8,32.0,9.96,0.8
2939,482.1,31.0,10.01,1.0
2940,10.0,33.9,8.92,1.1
2941,10.0,34.6,8.63,0.7
2942,10.0,38.8,8.67,1.0
2943,10.0,38.0,8.73,1.2
2944,482.3,47.9,10.07,1.0
2945,969.9,216.0,20.24,168.6
2946,1257.2,314.1,23.66,212.3
2947,1198.2,214.4,22.68,211.0
2948,478.9,210.1,10.13,122.0
2949,9.9,237.4,8.7,127.1
2950,9.9,158.1,8.46,111.8
2951,9.8,223.2,1.68,124.0
2952,0.0,236.3,0.01,109.2
2953,0.0,227.5,0.01,119.4
2954,0.0,240.6,1.66,138.3
2955,9.8,225.3,1.72,170.5
2956,9.9,294.8,8.84,163.8
2957,477.5,199.4,16.0,154.8
2958,1160.8,100.8,21.85,137.4
2959,1212.3,138.4,22.2,85.6
2960,1166.5,199.4,22.37,74.7
2961,528.6,155.4,22.1,61.6
2962,558.7,119.5,22.24,59.1
2963,1171.2,68.7,22.46,81.0
2964,530.2,62.4,22.27,75.1
2965,538.5,58.1,21.02,60.0
2966,530.3,55.7,22.04,53.7
2967,530.5,60.4,22.1,50.3
2968,1195.6,125.9,23.23,94.1
2969,879.4,178.7,39.47,128.2
2970,834.9,192.4,31.0,269.3
2971,1271.7,249.6,29.8,180.2
2972,606.0,246.7,27.6,155.7
2973,845.4,325.1,25.01,144.7
2974,485.2,371.1,22.79,135.3
2975,1197.3,407.0,21.48,102.4
2976,1195.2,304.4,21.41,93.1
2977,1194.2,414.5,21.1,87.0
2978,1194.1,250.3,21.17,92.1
2979,1196.1,294.0,21.3,92.6
2980,490.7,378.9,21.74,87.8
2981,469.8,185.0,21.69,79.6
2982,1208.6,117.4,21.55,63.7
2983,1163.6,122.9,21.57,54.0
2984,1212.8,66.4,21.63,47.7
2985,527.0,50.7,21.62,43.2
2986,1164.5,39.1,21.87,44.5
2987,527.3,39.3,22.09,46.1
2988,1188.4,64.0,22.72,83.6
2989,1162.0,33.8,24.82,90.9
2990,538.0,39.8,26.33,86.3
2991,528.9,48.0,28.1,100.5
2992,1220.0,56.1,29.72,104.3
2993,841.7,246.0,43.87,224.2
2994,527.0,365.2,29.97,222.5
2995,556.5,307.4,28.43,144.7
2996,1271.1,248.4,27.36,104.2
2997,1239.5,382.6,24.93,89.6
2998,1238.5,430.2,22.59,90.7
2999,524.8,452.7,20.83,55.1
3000,480.3,326.8,19.61,53.8
3001,479.6,322.0,19.58,53.8
3002,557.4,226.5,19.57,65.4
3003,1033.2,343.5,20.25,62.3
3004,517.3,340.8,20.39,65.7
3005,567.9,249.4,18.78,65.3
3006,560.9,184.0,19.8,123.8
3007,562.2,121.9,20.16,108.6
3008,563.2,71.0,20.31,102.8
3009,1043.6,76.9,20.93,67.9
3010,1043.6,67.7,20.9,61.0
3011,528.6,118.3,20.87,44.3
3012,526.9,93.2,20.59,37.3
3013,1043.2,89.9,20.35,37.5
3014,526.8,105.9,20.5,43.3
3015,1043.3,129.3,21.01,46.4
3016,1241.2,168.8,22.37,86.7
3017,976.8,250.6,44.5,91.5
3018,1176.8,322.3,28.35,93.2
3019,732.3,311.1,24.82,92.0
3020,579.5,218.7,22.89,95.1
3021,526.4,413.8,20.9,54.0
3022,9.9,384.0,8.45,52.1
3023,0.0,217.5,1.49,55.0
3024,0.0,320.0,0.01,53.6
3025,0.0,183.2,0.01,56.6
3026,0.0,302.4,0.01,57.9
3027,0.0,310.7,0.01,58.2
3028,0.0,195.5,0.01,58.2
3029,9.7,232.6,1.63,65.5
3030,9.7,177.4,8.23,61.0
3031,9.7,74.1,8.54,69.1
3032,9.7,130.9,8.46,62.8
3033,542.2,86.5,17.17,57.7
3034,560.6,53.8,18.28,51.9
3035,486.0,44.3,19.98,50.0
3036,631.9,41.2,20.32,55.5
3037,474.0,65.6,21.12,52.8
3038,537.1,131.3,20.8,46.7
3039,526.4,318.3,20.0,43.5
3040,484.7,334.4,20.04,47.3
3041,579.8,211.3,23.61,76.2
3042,566.1,198.5,40.41,119.1
3043,688.3,227.5,28.34,112.6
3044,1205.6,230.8,22.41,109.1
3045,1197.1,241.5,21.68,62.8
3046,523.5,292.9,20.5,59.4
3047,466.9,388.5,19.1,55.6
3048,479.9,370.1,19.59,54.1
3049,1188.8,362.5,19.91,53.9
3050,523.8,465.0,20.79,52.9
3051,487.3,440.5,21.29,53.6
3052,545.3,408.9,22.33,92.2
3053,1191.7,313.5,21.63,53.2
3054,1206.8,254.6,21.54,49.8
3055,1161.6,173.5,21.56,42.8
3056,1162.6,168.5,21.58,40.6
3057,1163.0,144.4,21.44,36.9
3058,1213.6,137.6,21.02,34.2
3059,526.4,112.9,19.53,32.7
3060,485.4,108.8,19.53,31.8
3061,526.0,105.9,19.51,31.7
3062,481.7,103.7,17.5,29.6
3063,481.6,103.0,16.99,29.6
3064,525.9,105.8,21.18,31.8
3065,915.3,96.8,35.75,77.1
3066,946.2,304.6,38.38,93.2
3067,691.2,271.6,30.02,93.7
3068,535.5,348.6,26.95,89.6
3069,532.3,293.0,25.08,84.6
3070,1236.3,362.9,22.32,79.8
3071,475.0,433.5,19.35,45.2
3072,473.9,427.8,17.64,45.3
3073,9.9,268.8,8.46,46.5
3074,9.7,284.1,8.33,47.5
3075,10.0,258.4,8.58,48.5
3076,547.3,376.5,17.02,46.6
3077,476.6,118.9,18.56,35.9
3078,478.0,38.2,19.33,32.5
3079,566.1,38.2,19.36,33.0
3080,9.9,38.1,8.52,29.6
3081,481.6,67.1,16.83,32.4
3082,561.3,56.7,17.11,34.3
3083,482.0,32.6,16.74,32.9
3084,482.0,32.7,16.74,32.5
3085,481.6,58.8,16.73,35.8
3086,473.2,74.2,19.32,35.8
3087,531.1,84.1,20.33,36.1
3088,1254.5,108.3,21.88,37.2
3089,837.9,217.5,43.52,106.7
3090,837.4,337.0,67.46,127.5
3091,1227.1,261.1,28.7,147.8
3092,548.7,250.7,26.37,138.0
3093,841.7,283.2,24.2,129.9
3094,519.8,407.1,21.8,80.7
3095,1146.7,253.3,21.34,77.5
3096,1224.8,384.8,20.67,78.1
3097,517.5,315.7,20.49,81.4
3098,548.7,201.6,20.6,91.7
3099,528.1,264.6,20.88,113.4
3100,576.1,267.3,21.69,107.2
3101,532.5,125.4,22.0,84.0
3102,477.2,68.0,21.47,47.2
3103,1050.5,36.0,20.25,43.9
3104,472.7,31.6,19.15,42.3
3105,1051.6,36.0,20.23,50.9
3106,582.0,33.8,20.92,44.4
3107,1161.9,35.1,21.37,44.6
3108,525.7,33.6,21.63,40.2
3109,475.1,46.0,21.61,40.7
3110,524.9,31.1,21.56,40.1
3111,576.3,59.7,22.24,42.3
3112,575.9,33.3,25.47,79.8
3113,525.6,121.2,27.36,141.6
3114,913.4,431.4,55.39,356.4
3115,596.1,331.5,32.16,359.2
3116,529.1,271.1,28.33,254.9
3117,567.6,359.6,25.99,220.7
3118,476.1,364.4,24.37,176.4
3119,576.2,332.1,23.12,166.0
3120,1196.8,343.0,22.06,163.7
3121,517.5,435.4,21.15,90.3
3122,1196.5,467.0,21.14,66.6
3123,576.7,408.0,22.02,107.6
3124,471.4,273.3,22.17,105.2
3125,9.9,111.4,8.52,37.7
3126,0.0,32.5,1.6,37.1
3127,9.9,31.1,1.59,31.6
3128,9.9,31.6,1.59,31.3
3129,0.0,31.7,1.59,32.0
3130,9.9,31.4,1.9,29.2
3131,9.8,31.6,1.9,28.8
3132,9.9,31.4,1.9,29.2
3133,0.0,31.3,1.61,29.0
3134,0.0,31.1,1.61,28.9
3135,9.9,31.0,1.61,29.0
3136,9.9,31.2,1.9,29.4
3137,828.5,129.9,42.76,65.9
3138,1211.9,224.1,45.73,93.1
3139,1222.1,226.1,26.48,86.2
3140,1248.2,306.3,22.73,85.1
3141,526.2,364.7,20.88,46.7
3142,10.0,358.9,8.73,44.0
3143,9.9,296.6,8.42,43.4
3144,9.9,308.8,8.4,43.2
3145,9.8,323.3,8.36,43.1
3146,9.7,205.1,8.31,43.9
3147,9.9,302.5,8.38,43.2
3148,10.0,222.9,8.7,42.0
3149,9.8,104.5,8.41,33.0
3150,9.9,79.6,8.44,31.5
3151,10.1,73.1,8.55,29.5
3152,10.2,64.1,8.51,30.2
3153,9.9,52.4,8.51,28.6
3154,10.2,58.7,8.52,27.5
3155,10.2,63.7,8.52,27.5
3156,9.9,66.1,8.52,27.2
3157,9.9,73.9,8.56,30.3
3158,10.1,59.9,9.13,34.4
3159,562.2,36.0,18.85,40.5
3160,583.8,51.6,23.32,75.9
3161,871.4,115.7,46.12,111.1
3162,870.2,279.4,49.1,144.3
3163,535.1,255.5,27.07,163.8
3164,524.0,144.4,26.08,193.2
3165,490.9,146.4,23.58,173.3
3166,560.1,217.7,22.37,182.7
3167,534.6,218.7,22.25,228.1
3168,478.3,272.7,21.91,241.3
3169,1140.8,321.0,21.44,137.0
3170,516.4,252.5,21.44,137.3
3171,1141.5,305.9,21.79,133.0
3172,516.8,330.5,20.95,130.0
3173,472.1,86.9,9.24,99.5
3174,10.0,69.0,9.0,52.6
3175,9.8,43.9,8.82,41.1
3176,9.9,48.3,8.74,41.5
3177,9.8,57.4,8.75,42.0
3178,9.9,31.0,8.82,38.7
3179,9.9,31.0,8.85,39.2
3180,10.1,31.0,8.85,37.5
3181,10.0,31.0,9.09,36.6
3182,546.7,31.0,17.63,36.1
3183,526.8,36.7,20.67,40.3
3184,1152.6,70.0,21.97,49.4
3185,648.7,53.6,25.57,135.8
3186,823.9,344.7,51.89,282.3
3187,1183.6,255.4,27.76,313.7
3188,532.1,331.5,27.26,237.7
3189,1229.6,183.2,25.19,224.6
3190,481.1,180.8,23.33,261.2
3191,1143.2,172.6,22.6,270.0
3192,477.0,381.5,21.5,191.1
3193,515.0,395.5,20.88,176.5
3194,514.8,431.2,20.88,161.5
3195,515.2,426.5,20.95,162.1
3196,1138.1,395.9,20.7,139.7
3197,9.9,58.9,9.14,57.4
3198,9.7,34.3,8.09,41.5
3199,9.8,33.9,8.03,40.1
3200,9.7,33.9,7.78,39.1
3201,9.8,33.9,8.13,38.9
3202,9.8,34.0,8.13,38.5
3203,9.8,34.0,8.14,38.4
3204,9.8,34.0,8.14,38.2
3205,9.8,31.0,8.14,37.6
3206,10.0,31.0,8.47,35.4
3207,476.3,34.2,18.27,37.2
3208,1186.4,87.3,21.39,45.8
3209,527.2,113.8,25.76,130.3
3210,523.0,294.5,49.58,264.0
3211,542.9,333.7,28.93,287.8
3212,1225.1,326.5,28.26,259.8
3213,530.3,353.6,26.14,258.5
3214,1257.1,408.3,24.03,221.9
3215,558.3,357.9,22.23,240.6
3216,728.3,409.6,21.64,141.8
3217,546.7,357.5,21.54,130.3
3218,462.1,403.8,21.55,123.7
3219,546.0,305.6,21.94,175.9
3220,838.9,221.3,23.34,156.1
3221,1155.4,42.7,22.4,82.7
3222,524.0,68.6,21.24,41.7
3223,532.4,67.9,21.11,39.8
3224,552.0,40.6,21.13,40.1
3225,556.6,31.1,21.25,40.8
3226,556.9,31.4,21.45,40.5
3227,527.2,31.0,21.47,39.0
3228,557.6,31.1,21.69,39.7
3229,488.9,31.5,22.12,39.6
3230,492.3,32.4,23.07,63.9
3231,533.3,32.7,24.87,65.8
3232,539.3,48.5,26.88,71.4
3233,1236.5,159.5,29.76,166.1
3234,1174.5,445.8,59.02,225.8
3235,600.5,295.0,29.61,223.3
3236,1209.9,225.4,29.02,161.2
3237,547.8,324.7,26.79,166.9
3238,552.7,387.7,24.89,110.0
3239,547.3,369.7,22.45,81.7
3240,1208.8,403.6,20.96,44.9
3241,470.8,367.9,20.52,44.6
3242,522.7,363.7,20.16,44.9
3243,1194.4,388.6,20.69,44.8
3244,583.5,328.8,21.17,43.5
3245,482.1,73.2,18.75,35.6
3246,0.0,42.4,1.58,30.8
3247,9.9,37.2,10.07,29.8
3248,10.0,33.1,8.63,32.2
3249,10.2,45.9,8.84,30.0
3250,550.3,31.5,16.08,32.0
3251,565.5,31.1,17.09,31.8
3252,571.2,33.7,18.89,31.9
3253,1057.4,38.9,20.63,32.9
3254,1057.3,32.8,20.63,30.7
3255,1057.1,32.7,20.62,30.5
3256,1056.9,47.9,20.62,31.2
3257,924.5,76.1,42.06,67.7
3258,987.7,144.5,52.3,91.4
3259,1218.0,241.3,27.96,90.2
3260,1034.4,241.5,25.63,84.8
3261,551.5,220.1,22.14,55.7
3262,476.4,252.5,19.42,50.5
3263,9.9,276.0,8.43,52.4
3264,0.0,275.3,0.01,52.9
3265,0.0,220.9,1.59,52.7
3266,9.7,193.5,8.34,59.7
3267,9.9,119.3,8.66,118.0
3268,477.3,126.4,10.22,110.6
3269,479.0,61.4,10.14,56.0
3270,470.6,67.7,8.96,38.3
3271,9.9,38.4,8.57,34.0
3272,9.9,41.1,8.5,31.5
3273,10.0,47.7,8.56,31.3
3274,482.1,40.0,16.91,28.2
3275,1052.9,31.6,18.81,28.2
3276,531.7,32.0,19.98,28.2
3277,526.0,31.7,21.32,27.3
3278,526.1,39.3,22.06,27.3
3279,1159.8,35.5,22.59,52.6
3280,735.6,37.5,24.0,55.9
3281,825.4,129.3,35.26,144.1
3282,991.8,376.4,45.75,302.0
3283,792.6,349.1,27.93,133.5
3284,552.8,262.6,22.7,78.6
3285,9.9,219.6,8.68,12.2
3286,0.0,309.0,0.01,12.1
3287,0.0,275.1,0.01,9.0
3288,0.0,282.7,0.01,9.9
3289,0.0,256.4,0.01,2.6
3290,0.0,220.2,0.01,2.3
3291,0.0,203.3,0.01,1.9
3292,0.0,150.0,0.01,0.6
3293,0.0,133.0,0.01,4.0
3294,9.8,49.7,8.39,0.6
3295,9.8,38.9,8.08,1.2
3296,9.9,31.5,8.12,1.3
3297,9.9,32.8,8.5,0.7
3298,10.1,31.6,8.82,0.9
3299,563.5,39.6,17.14,0.8
3300,577.5,42.6,18.77,1.0
3301,546.0,32.3,20.93,0.5
3302,482.0,71.9,20.03,30.8
3303,584.5,90.4,22.14,32.1
3304,551.0,165.7,25.38,63.4
3305,1028.2,188.4,31.75,70.6
3306,847.0,254.4,28.43,82.6
3307,554.6,235.3,22.32,84.9
3308,479.4,144.5,19.05,50.8
3309,9.9,224.3,8.61,0.6
3310,0.0,239.9,0.01,0.6
3311,0.0,259.4,0.01,0.6
3312,0.0,194.9,0.01,0.6
3313,0.0,252.9,0.01,0.6
3314,0.0,134.8,0.01,0.6
3315,0.0,106.2,0.01,0.6
3316,0.0,52.5,0.01,0.5
3317,0.0,42.4,0.01,0.4
3318,0.0,33.7,0.01,0.6
3319,0.0,31.0,0.01,1.2
3320,0.0,31.0,0.01,1.2
3321,0.0,31.0,1.53,0.9
3322,0.0,31.0,1.58,0.6
3323,9.9,35.1,1.83,0.8
3324,9.9,35.4,1.83,0.8
3325,0.0,31.0,1.58,0.7
3326,9.9,31.1,1.58,0.7
3327,9.9,31.0,8.54,0.9
3328,482.2,32.4,18.74,1.1
3329,565.8,62.0,30.62,1.8
3330,557.6,173.7,28.73,0.8
3331,1235.3,166.2,25.54,0.8
3332,473.2,165.9,19.71,17.5
3333,10.1,193.0,8.68,9.1
3334,9.9,256.3,8.48,0.7
3335,0.0,273.7,0.01,0.6
3336,0.0,317.7,0.01,0.6
3337,0.0,299.1,0.01,0.6
3338,0.0,377.8,0.01,0.6
3339,0.0,297.5,0.01,0.6
3340,0.0,158.9,0.01,0.6
3341,0.0,86.9,0.0,0.5
3342,0.0,37.6,0.0,0.2
3343,0.0,58.9,0.0,0.6
3344,0.0,48.3,0.01,0.5
3345,0.0,70.3,0.01,0.7
3346,0.0,38.6,0.01,0.6
3347,0.0,31.4,0.01,0.6
3348,0.0,31.9,0.01,0.6
3349,0.0,31.5,0.01,0.6
3350,0.0,32.0,1.53,0.6
3351,9.9,37.8,8.54,0.7
3352,492.1,35.1,20.54,1.5
3353,1180.6,173.2,30.19,72.7
3354,1251.8,219.0,32.3,84.6
3355,532.0,289.8,21.56,54.5
3356,480.8,111.1,20.11,64.6
3357,482.2,209.3,19.93,76.3
3358,483.5,118.8,20.15,107.9
3359,579.8,191.0,20.64,107.6
3360,523.1,175.5,20.23,117.7
3361,542.3,239.9,18.63,121.9
3362,9.8,360.6,8.62,124.0
3363,9.7,215.4,8.35,123.8
3364,9.8,218.1,8.44,92.2
3365,0.0,99.3,0.01,97.1
3366,0.0,43.6,0.01,67.5
3367,0.0,56.8,0.01,58.3
3368,0.0,39.2,1.4,48.2
3369,9.8,32.2,7.36,36.2
3370,9.8,66.0,8.27,30.2
3371,474.0,31.0,15.07,31.6
3372,547.6,31.0,17.63,32.3
3373,487.4,31.0,19.93,34.2
3374,534.3,33.6,20.91,37.2
3375,1164.2,73.8,23.2,66.6
3376,573.7,83.3,26.05,72.7
3377,1284.3,113.8,27.97,131.5
3378,936.2,394.1,52.66,199.6
3379,1190.8,330.2,29.09,272.1
3380,541.2,249.6,28.28,183.4
3381,547.3,292.4,26.85,186.9
3382,1175.6,264.4,24.49,199.0
3383,471.0,212.2,22.84,204.9
3384,1194.7,303.0,21.56,148.1
3385,533.4,417.0,20.89,143.4
3386,548.2,433.3,20.8,135.9
3387,549.3,434.8,20.9,120.5
3388,551.1,343.1,20.97,102.2
3389,475.0,78.3,18.05,58.0
3390,10.1,37.1,9.0,39.5
3391,9.9,48.4,9.07,36.3
3392,10.1,31.1,9.08,36.6
3393,482.6,34.4,16.69,37.1
3394,484.5,31.2,18.83,35.5
3395,568.0,31.1,20.64,36.2
3396,1060.3,33.0,20.61,36.3
3397,535.0,31.0,20.88,35.5
3398,529.2,36.8,21.29,35.3
3399,558.2,32.2,21.99,36.0
3400,1161.9,37.0,23.46,68.3
3401,985.3,102.9,37.45,149.5
3402,906.0,401.3,51.08,220.1
3403,540.4,312.9,30.93,195.1
3404,1233.9,319.9,27.23,171.4
3405,1235.0,230.7,22.53,134.2
3406,474.4,445.8,15.0,4.7
3407,10.0,395.1,8.57,2.9
3408,9.9,406.2,8.47,1.0
3409,523.0,432.5,8.34,0.9
3410,9.7,380.7,8.34,4.6
3411,9.9,458.6,8.47,1.5
3412,9.8,274.2,8.42,0.8
3413,10.0,66.4,8.48,0.9
3414,9.9,64.5,8.33,0.6
3415,9.9,31.4,8.51,0.9
3416,9.9,31.2,8.47,0.5
3417,9.9,31.1,8.53,0.7
3418,9.9,31.2,8.53,0.8
3419,10.1,32.5,8.78,1.1
3420,482.8,31.1,8.79,1.0
3421,9.9,31.2,8.54,0.7
3422,482.7,31.1,8.54,0.8
3423,482.8,31.2,8.79,0.8
3424,482.7,68.2,18.76,0.8
3425,566.7,85.3,29.34,65.6
3426,563.9,203.5,30.94,86.7
3427,1187.1,253.2,29.54,86.5
3428,604.1,229.6,26.76,90.5
3429,1151.6,284.0,24.4,87.7
3430,1241.1,325.4,22.37,81.5
3431,543.7,406.0,21.35,45.1
3432,481.4,414.3,19.65,44.4
3433,473.9,391.2,19.32,44.1
3434,474.0,391.9,19.32,43.6
3435,475.0,394.6,19.36,44.0
3436,480.1,270.0,19.55,40.5
3437,10.0,39.1,8.53,34.3
3438,9.8,49.3,8.24,31.7
3439,9.9,79.0,8.36,29.3
3440,9.9,76.7,8.37,28.9
3441,9.9,77.0,8.39,30.1
3442,483.0,76.6,8.55,27.6
3443,9.9,72.6,8.55,27.4
3444,483.9,72.2,9.9,27.2
3445,483.8,71.4,8.56,27.1
3446,10.0,69.6,8.57,27.0
3447,10.0,67.2,8.57,26.9
3448,484.2,75.5,18.82,28.5
3449,1261.9,176.4,24.79,65.2
3450,1259.4,219.8,24.11,41.9
3451,474.5,221.2,19.95,29.4
3452,481.3,263.6,19.12,20.3
3453,10.0,163.4,8.72,2.3
3454,9.8,227.0,8.43,1.7
3455,0.0,220.4,0.02,0.7
3456,0.0,233.1,0.01,0.7
3457,0.0,152.8,0.01,0.7
3458,0.0,172.9,0.01,0.7
3459,0.0,214.2,0.01,0.6
3460,0.0,194.8,0.01,0.3
3461,0.0,99.4,0.02,0.3
3462,0.0,59.6,1.5,1.5
3463,0.0,88.1,1.67,0.2
3464,0.0,93.2,1.63,0.3
3465,0.0,94.3,1.63,0.6
3466,10.0,109.2,8.42,0.7
3467,10.1,61.5,8.74,1.0
3468,10.3,59.3,9.24,0.8
3469,1225.8,61.9,19.27,2.4
3470,488.5,63.5,21.27,2.0
3471,563.3,59.5,22.05,11.6
3472,593.0,132.2,24.17,78.7
3473,622.2,111.0,34.06,155.7
3474,1555.9,145.7,38.76,227.7
3475,1258.9,244.4,30.6,244.3
3476,805.9,246.4,28.3,259.9
3477,543.1,261.4,25.13,213.1
3478,1158.5,363.1,21.7,162.1
3479,522.4,339.5,21.34,164.5
3480,473.5,365.7,19.81,156.5
3481,525.7,326.6,20.59,165.9
3482,520.3,327.3,21.37,191.7
3483,521.4,329.1,21.86,190.3
3484,1153.1,209.5,22.26,197.7
3485,477.7,64.3,21.45,81.4
3486,527.0,95.4,21.33,59.5
3487,1168.8,67.8,21.67,56.4
3488,530.2,59.6,21.77,68.2
3489,1223.9,81.7,22.44,82.2
3490,1169.1,32.3,23.95,91.4
3491,1315.2,33.6,24.65,86.2
3492,490.9,58.4,25.69,88.2
3493,530.2,63.0,26.57,96.9
3494,551.9,83.9,27.51,111.8
3495,1109.2,124.0,29.58,171.7
3496,538.6,143.9,30.71,195.6
3497,931.1,155.8,38.34,373.4
3498,896.7,364.5,33.12,406.9
3499,564.1,329.1,31.11,304.5
3500,535.2,335.0,26.39,216.4
3501,1249.0,399.6,23.0,113.5
3502,470.3,452.7,19.59,58.5
3503,9.9,452.7,8.57,51.8
3504,9.8,324.6,8.35,53.3
3505,9.7,298.5,8.34,52.8
3506,9.7,320.6,8.33,51.3
3507,9.7,313.3,8.33,51.4
3508,9.7,293.8,8.29,50.1
3509,9.7,213.0,7.57,49.5
3510,0.0,204.4,1.31,49.9
3511,0.0,132.8,0.01,54.8
3512,0.0,102.2,0.01,37.9
3513,9.8,95.7,8.07,33.0
3514,9.8,98.3,8.4,31.0
3515,10.0,76.3,8.71,32.6
3516,522.8,142.9,20.55,37.0
3517,581.1,149.9,22.25,73.8
3518,489.6,212.1,22.76,76.5
3519,582.1,322.5,23.29,79.9
3520,597.7,296.6,26.75,79.1
3521,1172.5,263.5,30.43,82.3
3522,581.3,307.8,26.73,85.7
3523,1249.2,281.3,22.68,92.4
3524,527.8,321.4,20.95,9.5
3525,470.0,332.3,19.65,10.3
3526,9.9,287.0,8.56,1.1
3527,0.0,375.9,1.53,0.7
3528,0.0,278.1,1.49,0.7
3529,0.0,268.6,1.49,0.7
3530,0.0,326.6,1.49,0.8
3531,9.7,368.3,1.71,0.8
3532,0.0,187.7,1.49,0.8
3533,0.0,104.7,0.01,0.7
3534,0.0,93.3,0.01,0.6
3535,0.0,50.5,1.45,0.4
3536,0.0,44.1,1.54,0.6
3537,9.8,30.9,1.82,0.8
3538,9.8,31.1,1.58,0.6
3539,9.9,31.0,1.83,0.7
3540,0.0,31.0,1.59,0.5
3541,9.9,31.4,1.59,0.5
3542,9.9,31.0,8.53,0.6
3543,9.9,31.1,8.53,0.8
3544,9.9,78.9,8.54,27.8
3545,788.9,146.7,30.76,53.6
3546,1183.7,212.9,26.12,81.8
3547,567.4,266.3,23.12,84.5
3548,531.3,311.9,21.11,43.5
3549,478.4,328.2,19.0,44.9
3550,9.9,366.0,8.6,2.4
3551,9.9,187.5,8.41,2.6
3552,9.7,196.5,3.67,2.8
3553,9.7,261.2,1.84,2.4
3554,0.0,295.2,1.6,0.4
3555,0.0,206.4,1.58,0.6
3556,0.0,268.1,1.57,0.4
3557,0.0,39.8,1.56,0.6
3558,0.0,90.8,1.49,0.6
3559,0.0,95.8,1.57,0.5
3560,0.0,58.6,1.58,0.4
3561,0.0,38.3,1.59,0.4
3562,10.2,34.5,8.7,0.7
3563,492.5,37.8,20.28,0.5
3564,497.0,38.3,21.75,0.6
3565,1241.0,34.8,22.02,0.6
3566,1266.4,43.0,22.45,0.5
3567,677.3,101.7,25.07,61.6
3568,578.6,97.4,29.07,70.8
3569,894.9,166.4,41.45,127.1
3570,1002.0,330.7,42.79,140.2
3571,810.5,404.9,54.23,139.7
3572,530.1,273.3,30.85,117.4
3573,557.7,133.7,27.82,109.2
3574,570.6,208.0,25.77,105.6
3575,843.0,253.7,23.63,112.1
3576,492.2,370.4,19.83,60.0
3577,562.3,364.4,19.58,61.7
3578,562.2,380.5,19.22,61.0
3579,469.0,414.5,19.12,59.9
3580,470.6,287.3,19.19,52.5
3581,526.2,79.5,19.33,41.9
3582,570.6,41.4,19.2,38.3
3583,572.0,35.0,19.0,36.1
3584,573.0,31.2,19.28,31.0
3585,573.5,31.4,19.5,30.3
3586,1063.0,32.8,21.4,32.0
3587,1064.3,35.2,21.43,32.7
3588,575.3,49.4,19.56,32.8
3589,532.8,74.8,22.56,34.1
3590,533.0,67.4,22.57,33.7
3591,532.8,79.3,22.56,34.5
3592,532.3,73.9,22.55,61.5
3593,818.9,114.1,35.98,135.0
3594,942.3,356.0,45.33,239.0
3595,537.5,207.3,27.23,192.7
3596,1164.3,205.1,22.32,113.4
3597,477.9,354.8,9.18,109.8
3598,9.9,357.1,8.41,118.2
3599,474.4,325.7,8.32,121.1
3600,9.8,332.0,8.32,135.8
3601,10.0,346.4,8.42,141.3
3602,9.9,244.4,8.94,150.7
3603,475.4,328.9,10.31,154.1
3604,475.1,326.3,10.46,153.7
3605,477.3,178.0,10.44,131.0
3606,10.0,77.8,9.23,93.0
3607,10.1,80.8,8.98,87.6
3608,10.0,32.5,9.06,86.6
3609,480.8,55.6,16.68,82.4
3610,569.8,31.4,20.23,84.5
3611,1167.8,78.7,21.86,92.6
3612,478.3,33.8,23.13,137.4
3613,1302.9,92.5,24.8,138.4
3614,1041.7,92.0,26.62,160.4
3615,1015.3,121.7,28.16,145.1
3616,1205.1,117.1,28.91,181.2
3617,1346.5,237.6,38.05,297.7
3618,1183.3,302.8,32.08,390.3
3619,1418.5,149.1,31.13,313.3
3620,1270.8,240.1,29.26,312.4
3621,1203.1,246.3,27.79,377.7
3622,1358.7,350.8,24.85,349.4
3623,1258.1,247.8,24.66,340.5
3624,1180.0,285.4,23.5,293.2
3625,1278.7,431.4,23.4,263.7
3626,1255.7,449.4,22.86,251.2
3627,474.7,417.9,23.45,244.3
3628,1151.5,375.9,22.82,219.1
3629,484.5,149.3,21.24,159.1
3630,474.4,97.6,18.96,108.7
3631,9.8,115.0,9.5,101.1
3632,487.5,98.4,18.8,78.8
3633,494.7,31.3,20.46,69.5
3634,487.7,60.3,19.77,69.9
3635,1052.6,44.8,19.78,70.9
3636,1052.4,49.6,19.78,69.5
3637,1163.3,86.0,22.4,70.2
3638,1253.5,105.6,23.04,73.4
3639,1158.5,126.5,24.54,80.8
3640,1243.4,110.7,26.87,120.1
3641,1252.1,184.6,56.2,156.6
3642,910.5,262.0,56.04,269.1
3643,1145.7,215.1,32.29,306.6
3644,534.7,178.7,28.9,296.3
3645,1160.4,236.8,27.07,286.0
3646,1283.1,462.1,24.43,290.0
3647,1181.0,228.0,23.65,256.3
3648,1235.0,213.3,23.09,227.1
3649,1179.0,303.0,22.54,241.2
3650,549.9,267.0,22.68,200.9
3651,1147.5,194.6,23.5,181.8
3652,1108.5,141.2,24.49,168.4
3653,1156.6,31.6,23.24,91.8
3654,1160.0,33.1,22.84,56.4
3655,1162.1,35.6,22.62,51.2
3656,481.0,35.3,22.15,50.9
3657,479.5,34.5,22.15,52.7
3658,531.0,34.0,22.15,57.1
3659,569.0,73.4,21.69,57.0
3660,1184.7,48.8,21.77,58.1
3661,1162.4,50.1,21.51,63.9
3662,476.0,35.0,22.19,67.3
3663,524.6,33.6,23.31,75.8
3664,1334.2,78.9,25.68,129.5
3665,1247.1,90.2,28.91,199.2
3666,813.3,106.2,56.3,223.4
3667,487.2,242.9,31.44,348.9
3668,1233.6,266.5,28.58,302.1
3669,1158.4,184.8,27.45,243.3
3670,1186.7,178.2,26.4,405.8
3671,654.6,342.3,24.92,139.9
3672,1144.4,353.4,23.01,101.0
3673,1142.8,268.0,21.83,64.3
3674,464.5,241.5,20.68,39.6
3675,1033.7,173.4,19.54,33.2
3676,473.8,148.7,16.64,1.4
3677,0.0,34.8,1.58,15.2
3678,0.0,33.3,1.56,0.3
3679,0.0,35.3,1.55,0.6
3680,0.0,63.0,1.44,14.5
3681,0.0,38.3,1.59,14.7
3682,0.0,34.5,1.6,17.3
3683,9.8,34.8,7.81,19.8
3684,9.8,50.4,7.75,19.4
3685,9.8,62.1,7.93,19.2
3686,9.8,43.7,8.45,19.4
3687,484.5,39.0,16.65,18.8
3688,529.1,34.0,22.62,20.3
3689,1213.5,54.4,25.87,56.1
3690,893.3,254.0,49.93,99.4
3691,542.5,215.3,30.68,48.8
3692,1236.6,195.6,27.8,56.9
3693,1189.0,261.7,26.88,13.9
3694,526.0,218.3,24.94,60.7
3695,1223.1,414.9,25.07,91.2
3696,487.4,422.3,23.45,73.6
3697,1229.8,392.9,21.83,70.9
3698,469.6,384.4,20.87,70.5
3699,556.7,361.3,20.78,69.3
3700,470.0,81.4,13.97,50.3
3701,0.0,97.5,0.0,0.0
3702,0.0,50.7,0.0,0.5
3703,0.0,45.3,0.0,0.5
3704,0.0,34.2,0.01,0.5
3705,0.0,39.7,1.41,0.8
3706,0.0,36.0,1.41,11.8
3707,9.8,55.7,8.09,20.0
3708,9.8,62.6,8.36,20.7
3709,475.8,42.3,13.91,21.1
3710,490.0,44.1,20.96,25.3
3711,1279.5,44.5,23.62,36.7
3712,1164.5,172.1,26.51,113.6
3713,667.6,86.7,28.3,230.2
3714,575.3,95.0,34.15,261.0
3715,556.2,211.8,28.64,286.1
3716,641.0,266.2,28.24,292.0
3717,806.6,272.2,27.73,304.1
3718,636.5,319.5,26.46,252.4
3719,1204.9,351.0,24.73,220.3
3720,488.6,267.5,23.59,195.3
3721,480.3,302.4,23.62,189.0
3722,488.6,196.4,23.7,214.7
3723,467.4,188.5,24.66,273.2
3724,479.8,179.5,25.28,203.8
3725,477.7,59.4,24.33,92.3
3726,1271.8,48.5,23.96,62.3
3727,1189.1,61.6,23.66,56.0
3728,526.5,58.7,23.67,55.5
3729,1166.3,38.7,23.69,57.5
3730,1192.7,38.5,23.94,60.1
3731,1193.5,38.1,24.12,58.2
3732,483.6,40.9,24.57,68.6
3733,492.5,46.9,25.36,85.1
3734,1055.5,31.3,26.81,109.0
3735,571.4,31.0,27.99,156.1
3736,574.1,46.6,28.94,173.0
3737,808.0,119.1,47.39,186.3
3738,950.1,153.4,56.11,265.4
3739,837.6,146.4,32.05,266.2
3740,1224.7,142.0,29.25,253.2
3741,597.7,218.0,27.37,257.3
3742,535.1,115.7,25.63,195.3
3743,529.3,182.9,23.71,193.0
3744,524.9,179.8,23.23,171.8
3745,1255.3,168.0,23.24,158.3
3746,1179.1,210.5,23.26,173.9
3747,1167.9,213.7,24.04,172.4
3748,536.7,232.4,24.54,127.8
3749,1225.0,131.5,23.61,95.5
3750,538.6,86.4,23.23,80.7
3751,481.0,59.0,23.28,72.6
3752,558.4,78.4,23.22,67.6
3753,535.4,66.3,23.36,66.6
3754,1207.6,41.4,24.01,58.7
3755,483.4,38.2,24.26,53.5
3756,1208.3,43.6,24.35,55.7
3757,1041.4,40.8,24.85,58.0
3758,534.7,41.2,25.87,64.4
3759,1459.6,77.4,25.88,64.9
3760,1172.0,72.6,26.78,79.9
3761,556.3,95.4,30.79,127.5
3762,911.1,113.8,35.43,182.1
3763,554.2,237.8,28.29,185.3
3764,1229.3,108.0,24.4,110.6
3765,469.4,274.5,20.76,113.9
3766,10.1,238.9,8.65,115.3
3767,9.9,300.8,8.46,113.9
3768,9.9,358.9,8.37,116.0
3769,9.8,349.3,8.36,116.3
3770,9.9,303.6,8.5,117.5
3771,466.0,383.1,20.64,116.8
3772,1195.9,159.2,21.28,98.1
3773,563.8,46.9,20.95,58.6
3774,1155.7,71.0,21.41,44.0
3775,1050.7,37.8,20.5,43.7
3776,473.3,37.4,20.7,43.6
3777,482.1,31.4,21.05,43.5
3778,497.3,70.5,21.97,41.9
3779,551.8,31.1,22.63,42.3
3780,1168.5,31.1,23.15,43.6
3781,1169.0,37.9,23.88,43.4
3782,1165.1,53.6,24.57,47.1
3783,557.7,34.2,27.2,70.6
3784,548.6,40.4,28.01,101.1
3785,1247.2,80.8,29.24,136.8
3786,1168.4,263.1,55.41,228.9
3787,1234.1,285.6,30.77,248.5
3788,537.4,197.7,28.1,180.3
3789,529.3,269.8,26.14,111.3
3790,578.8,395.4,23.72,112.3
3791,1228.0,372.4,22.1,116.6
3792,546.6,389.0,20.97,117.1
3793,474.1,353.6,20.88,118.6
3794,1145.4,367.4,20.88,119.5
3795,1194.4,386.5,21.26,119.2
3796,543.0,276.5,21.27,100.3
3797,549.5,50.2,20.73,71.3
3798,486.9,44.8,21.2,57.9
3799,497.5,72.3,21.26,54.5
3800,479.7,72.5,21.04,53.5
3801,1221.8,59.9,22.47,55.1
3802,534.4,45.6,22.7,55.7
3803,536.9,37.8,23.44,57.7
3804,1243.7,47.9,24.03,57.4
3805,1233.5,50.4,25.05,56.3
3806,1151.1,32.0,27.0,64.4
3807,1328.0,68.8,28.0,99.8
3808,1263.9,75.1,28.57,115.9
3809,544.3,125.2,31.05,160.1
3810,967.0,379.3,55.18,231.0
3811,694.9,429.7,31.93,248.4
3812,1144.3,251.5,29.94,224.6
3813,604.0,190.9,27.94,180.8
3814,1242.7,328.9,26.3,99.9
3815,571.6,352.2,24.36,89.6
3816,490.6,360.2,23.01,90.4
3817,481.9,375.9,22.6,90.3
3818,474.6,435.6,22.68,88.9
3819,490.8,353.7,23.14,89.3
3820,474.0,283.9,22.04,81.8
3821,476.8,119.4,20.92,68.4
3822,1051.3,46.5,20.68,61.9
3823,1054.9,67.6,20.64,59.9
3824,554.2,54.5,20.08,65.2
3825,481.2,33.3,20.75,58.6
3826,1171.9,39.6,21.57,58.0
3827,537.9,81.6,23.14,58.8
3828,553.5,40.9,23.81,50.5
3829,1198.4,39.3,24.94,50.0
3830,632.4,32.0,26.35,56.6
3831,533.2,32.3,28.07,82.9
3832,1156.8,66.4,28.8,92.5
3833,1201.3,139.3,32.01,106.7
3834,795.2,282.8,51.41,139.8
3835,498.3,236.3,30.5,110.4
3836,1147.2,204.6,28.76,89.2
3837,601.7,232.9,27.88,83.6
3838,1197.9,260.8,26.29,0.7
3839,728.8,369.6,22.88,0.7
3840,476.3,382.1,21.05,0.7
3841,466.8,372.6,16.69,0.7
3842,10.0,337.2,8.46,0.7
3843,9.9,347.9,8.37,0.6
3844,9.8,113.3,8.3,0.6
3845,0.0,93.3,0.01,0.5
3846,0.0,111.3,0.01,0.5
3847,0.0,87.4,1.51,1.9
3848,0.0,80.9,1.59,1.8
3849,9.9,74.8,8.5,1.5
3850,10.0,74.9,8.58,1.5
3851,1221.7,76.0,21.29,1.5
3852,556.2,76.9,22.54,0.9
3853,1270.5,88.6,23.34,0.7
3854,558.7,95.6,25.77,0.7
3855,1180.9,70.9,26.84,25.6
3856,540.8,53.3,27.98,52.6
3857,1438.9,62.1,31.12,64.6
3858,880.2,135.2,45.06,76.7
3859,606.2,237.0,30.46,80.6
3860,536.5,237.3,28.49,77.3
3861,1186.5,255.6,25.13,28.1
3862,471.1,257.8,17.34,0.7
3863,9.9,265.8,8.51,0.6
3864,0.0,355.5,1.54,0.6
3865,0.0,270.1,0.01,0.6
3866,0.0,271.6,0.01,0.7
3867,0.0,256.1,0.01,0.7
3868,0.0,38.9,0.01,0.6
3869,0.0,65.8,1.51,1.8
3870,0.0,31.6,1.31,0.7
3871,0.0,32.0,1.32,0.6
3872,0.0,32.3,1.32,0.6
3873,9.9,31.1,8.56,0.7
3874,10.3,32.5,8.64,0.8
3875,10.2,31.4,8.74,0.7
3876,479.6,36.9,17.43,0.7
3877,559.9,37.3,17.12,0.6
3878,482.7,39.8,21.24,0.6
3879,490.6,32.6,21.5,0.6
3880,490.3,70.3,24.0,0.5
3881,1030.4,171.8,37.12,70.1
3882,664.1,319.0,39.6,85.0
3883,1187.1,319.8,28.91,113.8
3884,540.7,221.6,28.97,145.5
3885,1177.2,193.5,27.87,109.4
3886,532.9,396.0,25.56,88.9
3887,536.4,386.5,23.63,103.5
3888,1245.7,377.8,23.22,94.1
3889,1146.5,399.7,23.18,79.7
3890,1243.8,423.8,23.17,77.8
3891,493.5,440.9,23.41,77.2
3892,495.1,416.6,23.88,55.6
3893,496.3,295.5,23.9,67.9
3894,1292.2,173.6,24.21,61.7
3895,493.2,165.4,24.65,51.3
3896,490.8,133.1,25.14,41.9
3897,583.6,128.8,25.06,35.3
3898,533.9,107.6,24.21,33.1
3899,1196.8,88.0,26.41,32.4
3900,544.3,85.2,27.38,31.9
3901,535.8,96.7,27.87,44.0
3902,535.9,95.5,27.88,43.9
3903,565.5,36.8,28.05,57.4
3904,666.7,71.0,30.03,59.6
3905,931.5,62.4,69.8,69.3
3906,1207.9,280.3,53.61,86.0
3907,1314.2,326.3,32.24,104.0
3908,1291.8,274.6,30.8,96.9
3909,557.3,370.3,28.04,91.0
3910,480.6,403.6,23.73,24.8
3911,10.0,298.5,8.71,22.3
3912,0.0,253.0,0.01,26.6
3913,0.0,204.3,0.01,26.7
3914,0.0,194.7,0.01,26.4
3915,0.0,179.9,0.01,26.2
3916,0.0,179.8,0.01,20.9
3917,619.0,42.4,8.44,7.3
3918,569.8,86.3,22.28,0.9
3919,57.0,59.1,21.92,1.5
3920,557.1,42.2,21.47,1.9
3921,537.9,39.0,22.4,1.8
3922,537.9,31.6,22.5,1.5
3923,542.4,31.4,22.58,1.2
3924,1176.2,31.5,22.93,1.2
3925,1229.1,31.7,23.19,1.2
3926,1169.3,36.5,24.19,2.4
3927,1236.3,44.0,26.38,3.0
3928,822.4,39.4,28.45,67.8
3929,1199.9,82.1,50.54,93.7
3930,919.6,195.5,56.91,168.5
3931,565.0,242.2,31.15,273.8
3932,1242.3,162.8,29.54,249.2
3933,554.3,171.6,27.47,253.2
3934,521.0,423.6,23.87,34.3
3935,1236.8,224.0,21.4,3.7
3936,467.8,244.7,14.63,1.4
3937,9.9,255.1,8.57,1.1
3938,610.8,192.9,1.67,19.1
3939,611.7,310.1,1.67,19.6
3940,613.0,134.6,1.58,6.1
3941,478.6,74.6,14.8,0.9
3942,480.4,69.9,17.94,1.4
3943,487.5,50.0,18.07,1.6
3944,476.1,49.9,15.88,1.6
3945,483.0,55.7,18.11,2.1
3946,583.8,54.8,19.61,3.6
3947,1217.6,69.2,21.27,3.7
3948,495.5,68.7,21.94,4.0
3949,473.5,55.9,22.72,4.1
3950,1057.0,61.8,24.75,3.4
3951,1017.0,144.8,26.9,4.0
3952,539.6,142.0,27.68,3.3
3953,1193.9,158.3,50.97,3.1
3954,941.0,211.0,52.07,3.5
3955,1220.6,308.0,28.48,2.7
3956,1182.9,291.8,25.13,22.6
3957,471.9,317.7,21.22,12.1
3958,9.9,382.9,8.5,7.2
3959,0.0,392.9,0.01,9.0
3960,0.0,359.6,0.01,11.2
3961,0.0,384.1,0.01,9.7
3962,0.0,343.7,0.01,12.6
3963,0.0,331.0,0.01,13.9
3964,0.0,222.2,0.01,8.7
3965,9.8,64.8,7.64,0.9
3966,9.9,104.7,7.93,0.9
3967,9.9,138.3,8.51,0.8
3968,9.9,104.5,8.52,0.8
3969,10.2,51.1,9.36,0.8
3970,480.2,100.8,19.83,0.9
3971,1206.0,103.6,22.23,2.6
3972,484.7,159.2,23.53,7.4
3973,543.4,132.6,25.4,10.6
3974,535.2,111.4,26.41,0.8
3975,1246.9,131.7,26.66,0.9
3976,1029.5,82.0,27.6,0.9
3977,541.9,190.0,52.05,89.6
3978,1037.1,161.6,33.08,83.5
3979,569.7,317.9,25.53,146.6
3980,1286.3,181.4,24.78,138.8
3981,1157.9,273.8,22.18,96.7
3982,475.9,359.1,21.38,105.5
3983,1151.5,229.6,21.91,144.7
3984,1147.3,322.5,21.31,144.6
3985,468.2,207.0,21.07,145.6
3986,468.3,223.4,21.09,148.4
3987,491.0,236.6,21.25,147.4
3988,475.0,250.5,21.37,122.6
3989,548.5,144.0,20.4,81.5
3990,487.3,85.9,21.75,75.6
3991,493.7,59.6,21.59,66.8
3992,481.3,55.8,21.45,54.1
3993,501.8,40.5,22.29,56.4
3994,556.6,37.1,23.89,58.6
3995,1173.2,32.7,24.71,57.1
3996,479.3,51.5,25.22,82.9
3997,1484.1,68.8,26.97,76.4
3998,1195.6,33.1,28.07,117.9
3999,1258.9,44.6,29.09,112.5
4000,568.8,100.9,31.02,125.5
4001,1005.9,168.0,60.41,191.6
4002,1238.1,166.5,50.7,221.4
4003,1290.4,194.1,31.33,205.3
4004,1027.8,199.3,28.92,191.9
4005,1253.6,286.0,26.28,136.0
4006,1161.2,181.2,23.91,114.2
4007,478.9,226.4,18.02,74.7
4008,477.7,258.2,15.81,75.0
4009,476.7,258.6,16.05,96.7
4010,476.2,285.3,16.07,123.5
4011,476.2,208.9,18.6,148.5
4012,476.2,218.4,18.7,149.0
4013,613.8,200.5,1.65,135.6
4014,9.8,134.0,8.55,94.1
4015,9.9,94.6,8.5,61.2
4016,10.3,51.4,8.7,63.2
4017,479.2,66.8,19.13,66.5
4018,556.3,63.8,20.75,69.1
4019,555.9,104.6,23.59,58.5
4020,556.9,117.5,24.0,59.9
4021,485.2,68.0,24.13,51.8
4022,1172.5,82.2,24.35,66.3
4023,751.8,118.8,26.56,63.3
4024,556.7,111.6,27.79,93.2
4025,1272.4,199.7,29.87,133.7
4026,995.1,251.6,58.16,164.9
4027,567.9,288.7,32.38,179.7
4028,791.2,336.5,31.93,198.3
4029,573.4,222.7,28.48,173.7
4030,553.3,354.5,26.96,83.9
4031,1045.0,323.4,26.15,67.1
4032,486.6,344.9,24.2,29.0
4033,1142.9,273.5,23.38,8.9
4034,476.8,305.4,23.34,10.6
4035,475.1,320.4,22.9,52.3
4036,483.8,284.7,21.09,7.7
4037,612.1,68.2,8.41,10.2
4038,614.3,78.5,5.11,12.6
4039,9.8,58.6,8.19,11.2
4040,9.8,44.4,8.45,11.2
4041,10.0,34.3,8.82,14.9
4042,9.9,31.1,8.9,15.5
4043,482.5,31.0,9.72,14.3
4044,482.7,31.0,9.73,13.2
4045,483.2,68.4,8.85,9.9
4046,497.5,76.7,21.51,10.4
4047,488.5,60.3,23.73,1.9
4048,551.0,153.1,27.93,1.1
4049,1194.7,230.2,29.63,1.8
4050,803.7,211.9,39.21,1.2
4051,1228.3,269.7,29.9,1.0
4052,1233.3,280.3,28.52,1.3
4053,1141.1,281.5,27.67,0.9
4054,1153.4,371.1,25.02,7.9
4055,9.9,331.3,8.61,4.8
4056,0.0,288.1,0.01,9.7
4057,0.0,196.8,0.01,0.6
4058,0.0,294.5,0.01,0.6
4059,0.0,207.8,0.01,0.6
4060,0.0,166.5,0.01,0.6
4061,0.0,94.8,0.01,9.8
4062,0.0,98.5,0.01,5.7
4063,0.0,136.1,1.61,1.8
4064,10.2,133.5,8.69,2.3
4065,479.6,114.8,21.53,4.9
4066,541.3,163.7,24.09,4.5
4067,577.1,126.7,24.95,8.6
4068,605.1,135.6,26.66,9.8
4069,636.4,140.4,27.16,3.2
4070,1250.6,104.9,28.53,63.4
4071,1168.0,105.9,29.06,72.8
4072,553.4,130.9,29.97,89.7
4073,610.9,242.9,34.09,90.9
4074,846.4,434.7,46.75,191.6
4075,1299.5,445.2,31.55,148.8
4076,1270.9,420.6,29.4,100.2
4077,1223.1,427.4,28.22,82.6
4078,1219.8,528.5,22.9,48.7
4079,10.0,461.8,8.65,43.1
4080,9.9,360.8,8.45,42.5
4081,0.0,299.2,0.01,45.8
4082,0.0,259.3,0.01,46.7
4083,0.0,281.3,0.01,49.0
4084,0.0,264.6,0.01,49.3
4085,0.0,242.9,0.01,48.5
4086,10.2,319.5,8.69,42.6
4087,10.4,249.0,8.88,39.2
4088,483.6,160.0,21.51,29.4
4089,491.0,169.6,23.11,29.2
4090,546.7,119.7,26.05,29.6
4091,509.0,121.9,27.15,30.5
4092,1207.5,121.8,28.4,53.8
4093,1305.4,106.4,29.38,52.3
4094,556.6,123.2,30.17,57.3
4095,1636.9,147.1,31.63,62.9
4096,650.1,233.6,33.77,77.2
4097,1233.6,187.5,83.37,83.0
4098,869.6,263.5,47.85,91.7
4099,1314.5,308.1,35.18,95.1
4100,1304.1,356.0,32.28,82.6
4101,535.8,343.4,30.1,88.6
4102,539.1,421.2,26.6,53.4
4103,482.4,415.5,21.63,49.6
4104,10.1,379.7,8.61,44.6
4105,9.9,292.9,8.47,44.0
4106,0.0,240.4,0.01,50.4
4107,0.0,239.7,0.01,52.1
4108,0.0,198.6,0.01,43.3
4109,0.0,150.9,0.01,34.4
4110,10.0,130.8,8.5,29.3
4111,10.1,104.6,8.57,27.9
4112,10.3,112.1,8.75,28.0
4113,495.6,93.0,21.99,27.4
4114,547.9,99.7,27.03,27.4
4115,1181.5,100.3,28.9,52.4
4116,1305.6,111.6,29.51,53.0
4117,1478.5,120.7,31.62,57.3
4118,1197.5,79.7,32.33,57.7
4119,1225.2,163.1,33.48,57.7
4120,902.7,207.5,37.4,98.4
4121,1007.8,235.9,55.24,157.1
4122,1003.1,402.0,54.46,192.0
4123,810.8,373.0,46.25,249.9
4124,1393.9,481.7,34.11,243.0
4125,1049.2,423.7,29.13,238.8
4126,590.2,392.8,26.02,214.6
4127,570.9,352.0,22.12,135.5
4128,481.9,198.0,21.54,150.3
4129,567.5,200.2,21.47,147.4
4130,567.0,207.8,21.41,136.8
4131,531.9,199.6,21.47,139.2
4132,532.0,278.4,21.76,129.1
4133,546.8,111.5,21.87,111.0
4134,499.3,75.8,22.51,86.2
4135,495.5,41.9,22.61,79.3
4136,485.1,50.4,24.01,70.6
4137,496.6,31.8,26.23,71.0
4138,1493.8,32.0,27.22,74.1
4139,1402.4,64.2,28.1,93.6
4140,1275.5,57.7,28.93,91.3
4141,540.6,32.7,29.3,98.3
4142,1057.9,35.9,29.79,98.7
4143,564.2,32.7,31.94,101.5
4144,830.0,34.4,34.57,130.6
4145,1325.5,104.4,41.66,217.5
4146,915.8,272.2,68.78,297.7
4147,960.9,334.0,44.85,364.1
4148,1223.7,405.3,41.29,325.6
4149,1243.1,324.5,35.35,279.7
4150,548.6,277.2,31.79,284.1
4151,540.6,456.3,28.7,312.1
4152,532.8,516.8,26.84,314.8
4153,491.3,362.1,25.28,293.5
4154,577.1,395.2,24.92,278.6
4155,735.2,379.1,24.95,266.0
4156,527.5,356.3,25.0,213.7
4157,537.4,58.8,23.64,118.0
4158,544.1,66.9,22.93,88.6
4159,482.8,67.1,22.38,81.4
4160,487.2,70.3,24.01,78.5
4161,1027.9,75.7,25.53,83.6
4162,1392.2,80.3,26.74,106.3
4163,653.9,75.3,28.09,145.1
4164,573.7,64.5,29.02,142.9
4165,548.9,96.3,29.89,122.0
4166,1292.6,113.5,31.35,128.8
4167,1217.5,90.4,31.56,135.6
4168,1229.4,88.5,31.59,151.3
4169,913.5,129.1,55.33,181.4
4170,1198.3,226.1,85.61,232.4
4171,1177.3,320.5,34.07,314.9
4172,1259.3,332.0,31.84,314.4
4173,1352.3,413.8,30.66,304.0
4174,532.6,466.4,28.5,209.6
4175,1200.2,471.1,26.3,95.6
4176,560.9,457.9,24.1,94.2
4177,1234.3,461.9,22.4,92.2
4178,1146.2,460.2,22.16,90.9
4179,469.8,455.1,21.97,91.0
4180,475.0,317.9,20.9,81.1
4181,9.8,68.0,8.42,65.7
4182,9.8,121.1,7.27,60.9
4183,9.8,72.5,8.08,60.1
4184,10.1,79.4,8.71,59.6
4185,1163.9,73.9,21.14,58.9
4186,492.7,107.0,22.37,58.9
4187,1190.1,87.8,23.56,60.2
4188,1173.3,60.8,25.76,56.7
4189,541.9,69.9,26.72,57.8
4190,1040.6,80.2,28.66,97.6
4191,609.4,166.8,29.65,98.1
4192,1585.8,219.9,29.9,107.1
4193,1209.9,168.3,31.16,124.4
4194,791.2,262.7,42.23,137.6
4195,565.3,266.3,31.14,116.5
4196,541.1,271.1,29.66,114.1
4197,1037.0,311.0,28.89,111.6
4198,1024.1,537.3,27.15,76.5
4199,578.7,424.9,24.15,75.7
4200,490.7,412.9,22.01,78.1
4201,472.7,418.0,20.82,81.3
4202,537.6,440.1,19.35,90.0
4203,466.1,438.2,19.34,99.1
4204,573.3,332.8,18.74,101.9
4205,9.8,52.7,8.31,79.9
4206,9.7,59.0,8.14,67.7
4207,9.8,37.8,8.47,62.7
4208,492.4,39.0,20.18,60.1
4209,1162.1,31.5,22.24,58.3
4210,1286.9,40.9,23.53,59.5
4211,1265.2,38.9,26.31,57.8
4212,1246.8,31.5,27.61,82.6
4213,1151.7,32.0,28.66,82.0
4214,1272.3,32.7,28.76,97.3
4215,1178.2,32.7,29.63,99.6
4216,661.4,46.5,30.69,104.1
4217,826.0,100.0,36.73,121.3
4218,960.8,307.3,43.28,175.6
4219,1451.9,395.0,35.42,138.5
4220,561.9,295.9,31.03,115.6
4221,563.7,261.9,29.17,93.1
4222,523.8,392.5,27.25,78.1
4223,477.5,391.5,22.5,53.9
4224,9.9,308.3,8.41,54.0
4225,9.8,324.7,7.63,54.9
4226,0.0,298.1,0.01,56.4
4227,0.0,273.8,0.01,56.6
4228,0.0,141.5,0.01,48.6
4229,0.0,75.9,0.01,40.3
4230,9.9,60.5,1.71,36.5
4231,9.9,64.8,8.49,38.6
4232,480.8,52.4,15.67,38.6
4233,1170.1,55.1,20.54,38.3
4234,1263.4,62.0,22.03,38.7
4235,670.1,93.4,24.61,39.1
4236,552.7,80.0,25.91,40.1
4237,1032.2,93.8,26.98,39.2
4238,1222.5,61.7,27.38,39.9
4239,1270.4,60.4,27.43,40.6
4240,1336.4,70.4,28.33,69.0
4241,914.8,122.8,38.61,90.1
4242,843.6,228.7,42.51,139.0
4243,1215.6,335.6,27.97,64.2
4244,550.0,350.2,24.46,14.5
4245,488.4,311.6,19.96,16.1
4246,9.8,197.8,8.4,16.4
4247,0.0,294.8,0.01,17.3
4248,0.0,203.4,0.01,17.3
4249,0.0,192.8,0.01,16.6
4250,0.0,199.9,0.01,16.5
4251,0.0,207.6,0.01,17.4
4252,0.0,149.0,0.01,8.7
4253,9.8,59.4,8.42,0.5
4254,9.9,66.5,8.51,0.8
4255,475.3,47.2,14.66,1.2
4256,640.8,41.0,18.27,1.2
4257,481.9,51.0,20.18,1.3
4258,488.7,31.6,21.38,1.2
4259,545.6,31.7,22.67,1.9
4260,475.3,39.9,22.7,3.1
4261,486.6,31.6,23.52,3.1
4262,496.3,32.0,25.79,2.7
4263,1155.8,31.6,27.59,2.7
4264,541.5,48.1,28.64,61.2
4265,1262.0,72.2,31.62,93.4
4266,2092.0,142.4,56.5,93.9
4267,1164.1,289.6,31.58,83.2
4268,694.5,234.6,28.67,89.7
4269,558.4,226.4,27.58,86.0
4270,603.4,354.5,26.02,0.7
4271,1244.7,397.2,22.77,0.7
4272,10.0,278.5,8.88,0.7
4273,9.8,319.8,8.41,0.7
4274,0.0,203.2,0.02,1.5
4275,0.0,353.0,0.02,8.5
4276,0.0,186.8,0.01,3.5
4277,0.0,64.5,0.01,0.4
4278,0.0,84.5,0.01,0.4
4279,0.0,47.3,0.01,0.5
4280,0.0,61.3,1.47,5.4
4281,10.0,42.6,8.5,5.0
4282,10.3,79.3,9.47,7.4
4283,592.0,76.1,19.22,6.8
4284,494.9,83.7,21.85,8.5
4285,570.5,94.2,23.81,9.8
4286,500.0,84.3,26.0,16.9
4287,1244.8,148.6,27.21,26.9
4288,1246.2,107.5,29.03,86.7
4289,909.9,198.2,37.66,142.8
4290,924.6,259.2,40.87,169.9
4291,1060.3,415.8,30.48,242.0
4292,564.4,309.8,28.6,197.0
4293,538.4,364.1,26.57,148.0
4294,476.5,446.8,21.43,148.6
4295,10.0,407.7,8.58,141.9
4296,0.0,156.5,0.02,147.7
4297,0.0,290.9,0.01,149.0
4298,0.0,247.7,0.01,148.3
4299,0.0,253.7,0.01,159.6
4300,0.0,146.5,0.01,141.4
4301,0.0,123.4,0.01,116.5
4302,10.1,86.8,8.79,73.4
4303,1069.5,80.4,21.18,64.6
4304,1075.4,40.8,21.02,83.3
4305,510.1,98.8,24.52,103.8
4306,1417.9,140.4,27.45,159.5
4307,584.6,120.3,29.89,184.0
4308,1393.6,151.2,31.47,188.3
4309,680.3,122.7,32.53,164.0
4310,1086.6,40.7,34.21,154.1
4311,1387.7,69.9,35.43,161.6
4312,995.8,97.4,38.67,195.2
4313,1396.2,146.0,304.19,269.9
4314,1390.4,352.1,62.67,354.7
4315,1274.3,339.8,41.23,356.4
4316,1212.1,314.3,40.5,291.9
4317,610.4,192.2,34.65,346.1
4318,1375.8,309.0,31.51,312.3
4319,1029.5,370.0,28.73,339.0
4320,1211.0,419.5,26.84,330.7
4321,849.8,484.9,26.14,319.1
4322,624.6,432.8,26.1,322.5
4323,533.0,459.9,26.11,322.2
4324,532.1,362.8,26.16,291.0
4325,489.0,152.1,23.65,106.3
4326,1212.7,178.7,24.09,109.5
4327,557.7,165.7,26.41,123.6
4328,1506.0,110.0,26.85,104.3
4329,1163.1,87.5,28.02,141.4
4330,1143.0,110.6,31.14,136.5
4331,828.8,96.3,33.56,130.9
4332,724.9,72.1,34.26,131.2
4333,555.4,101.8,35.08,131.1
4334,668.7,106.2,36.01,130.9
4335,2094.8,113.5,37.25,142.7
4336,1203.1,97.2,35.95,202.6
4337,998.2,184.4,58.82,285.2
4338,1285.4,219.7,47.96,314.4
4339,1262.4,318.2,36.51,327.7
4340,1380.6,313.3,34.86,351.9
4341,565.2,460.5,31.24,304.5
4342,1210.3,436.2,28.06,281.5
4343,1008.5,434.7,26.46,301.0
4344,580.9,405.5,25.46,297.3
4345,531.9,459.7,24.82,263.5
4346,531.3,446.5,24.95,279.0
4347,531.4,376.6,25.02,254.3
4348,1239.2,258.0,24.64,163.8
4349,9.9,40.4,8.84,96.3
4350,9.9,70.7,8.55,81.8
4351,10.2,76.8,9.69,70.0
4352,1171.1,52.8,22.47,77.5
4353,1199.3,71.4,25.42,86.5
4354,1386.0,31.3,27.13,119.5
4355,626.8,110.8,28.83,115.1
4356,507.3,73.9,29.71,116.7
4357,1419.9,62.9,30.83,115.8
4358,1389.0,42.6,32.28,115.5
4359,1260.5,72.7,34.41,165.2
4360,1306.9,104.3,283.45,145.9
4361,905.7,203.5,945.81,249.0
4362,1308.7,328.9,1478.39,384.1
4363,1263.5,352.6,1107.1,474.2
4364,1194.9,388.7,461.46,421.5
4365,702.4,250.5,35.43,390.1
4366,1406.6,420.6,31.83,403.4
4367,652.5,453.3,28.9,403.8
4368,1133.4,446.5,27.53,394.8
4369,550.5,381.1,26.34,391.7
4370,528.1,443.9,26.29,380.2
4371,1352.2,413.5,26.21,388.5
4372,1259.3,271.1,25.72,295.3
4373,1150.2,128.0,22.79,163.7
4374,483.0,73.9,19.52,117.1
4375,478.2,69.6,21.66,93.6
4376,567.6,37.7,23.46,81.2
4377,1347.6,31.3,25.82,134.1
4378,561.9,37.8,27.03,128.3
4379,1038.6,51.3,28.73,133.9
4380,1300.8,45.1,29.85,148.8
4381,1383.8,79.7,30.55,149.1
4382,658.6,49.4,29.77,142.3
4383,538.0,80.0,28.99,133.9
4384,1308.9,84.1,30.75,156.7
4385,805.4,229.4,69.13,196.8
4386,932.2,188.9,57.02,246.6
4387,1353.7,430.1,35.63,326.2
4388,558.0,409.6,33.89,279.5
4389,1370.9,466.7,31.36,185.5
4390,1161.5,449.8,24.65,153.2
4391,529.5,460.7,23.15,150.8
4392,1152.2,382.6,23.16,153.8
4393,526.7,452.0,23.12,138.1
4394,1149.5,455.3,23.11,132.0
4395,1151.1,480.2,23.14,138.5
4396,552.2,374.7,24.66,134.0
4397,471.5,221.0,23.32,108.1
4398,1259.5,91.6,22.46,92.5
4399,584.0,40.9,23.79,83.4
4400,1227.3,108.1,24.97,83.1
4401,507.7,72.9,26.97,118.0
4402,495.7,118.6,28.74,131.0
4403,562.6,69.3,30.41,137.5
4404,1250.6,120.9,32.42,133.1
4405,1379.4,108.5,33.86,145.8
4406,566.6,69.4,35.77,151.6
4407,1346.3,111.4,36.95,164.2
4408,869.9,158.0,39.49,193.2
4409,928.0,274.2,74.94,273.0
4410,1491.1,404.0,49.13,291.6
4411,891.9,361.6,41.32,296.3
4412,1320.1,250.3,37.07,216.0
4413,1227.7,318.4,33.35,190.1
4414,542.5,507.0,29.58,171.0
4415,1164.6,432.9,24.82,137.1
4416,1255.7,458.0,23.01,139.8
4417,1253.2,385.2,22.74,140.2
4418,1252.3,387.3,22.72,141.2
4419,1254.0,330.5,22.76,140.7
4420,532.4,347.3,23.04,136.3
4421,486.4,276.3,23.07,135.3
4422,484.5,118.2,23.44,127.7
4423,1175.3,98.3,25.62,109.4
4424,1295.4,35.0,26.41,106.9
4425,1402.2,40.7,27.17,120.0
4426,1484.8,36.9,28.42,125.5
4427,552.4,41.1,30.64,136.8
4428,1187.4,75.7,32.37,135.8
4429,1446.3,122.3,33.85,155.3
4430,560.5,129.5,35.01,157.8
4431,1241.3,157.2,37.02,169.5
4432,1344.4,186.6,37.55,189.3
4433,928.1,261.8,292.32,258.9
4434,965.6,323.7,136.86,310.5
4435,667.0,357.7,39.71,312.4
4436,1199.3,314.2,36.05,233.2
4437,1347.5,386.4,32.9,206.8
4438,573.2,492.0,28.89,172.3
4439,1157.9,481.4,25.96,164.9
4440,1252.5,417.8,23.29,119.9
4441,1158.0,332.5,22.23,119.9
4442,10.0,347.4,8.89,121.0
4443,10.0,328.5,8.88,122.4
4444,10.0,301.9,8.88,117.6
4445,9.8,170.1,8.4,98.1
4446,9.9,117.7,8.23,88.6
4447,9.9,129.7,8.67,85.3
4448,495.2,159.8,21.34,85.5
4449,548.2,140.2,25.04,82.2
4450,1216.2,91.8,27.44,113.3
4451,1040.4,97.8,28.87,121.7
4452,1365.1,78.8,30.43,128.7
4453,1326.7,60.9,31.46,127.6
4454,1395.0,82.2,33.61,144.2
4455,1408.9,116.0,35.27,148.9
4456,717.4,152.5,37.98,178.2
4457,1199.8,194.3,193.29,275.2
4458,997.9,266.5,84.76,321.1
4459,1402.8,266.4,37.38,290.9
4460,624.3,229.4,35.2,202.2
4461,1034.4,420.5,33.28,194.5
4462,605.4,458.2,30.83,178.6
4463,542.0,519.1,28.49,181.7
4464,493.5,437.9,26.95,180.8
4465,593.4,516.6,26.37,177.7
4466,582.5,499.2,25.9,178.5
4467,582.5,426.0,25.89,178.8
4468,583.8,392.8,25.95,178.4
4469,493.6,192.4,22.31,122.5
4470,545.7,120.3,25.97,126.9
4471,1202.8,87.4,27.82,115.3
4472,1252.5,39.2,29.15,128.9
4473,1210.6,42.1,31.89,126.7
4474,1227.4,142.6,35.24,132.0
4475,1423.6,94.8,194.48,153.9
4476,1288.5,63.5,337.67,174.9
4477,930.9,58.9,39.81,177.2
4478,655.2,62.1,40.74,177.5
4479,1244.7,71.5,436.11,210.2
4480,914.8,89.8,1172.71,231.7
4481,1482.7,105.3,2284.19,343.1
4482,1565.5,315.5,2560.79,436.0
4483,937.1,441.3,1801.43,422.6
4484,1442.8,382.0,1060.63,401.8
4485,704.3,296.3,38.57,352.2
4486,1032.3,519.7,33.48,330.2
4487,1283.4,531.8,29.71,281.9
4488,1042.8,521.0,28.04,261.5
4489,615.7,524.0,27.47,238.8
4490,1012.7,564.7,27.3,224.5
4491,1021.2,561.0,27.32,227.9
4492,616.5,470.6,27.37,204.3
4493,1259.5,232.0,24.97,137.6
4494,1305.6,112.4,24.8,108.5
4495,1197.2,86.0,27.64,147.3
4496,1417.6,98.0,28.81,149.8
4497,545.7,71.7,30.67,155.2
4498,597.2,115.8,33.53,188.7
4499,1275.6,152.6,341.11,193.1
4500,1440.0,162.9,639.04,190.6
4501,1286.2,149.9,777.67,188.1
4502,579.6,152.8,1032.73,194.6
4503,1468.8,182.6,1380.91,224.0
4504,1119.9,210.5,1926.5,239.2
4505,1782.3,319.3,2894.23,365.6
4506,1967.5,356.5,3327.28,403.7
4507,915.8,452.0,2824.38,411.5
4508,1306.8,435.6,2119.16,378.4
4509,903.1,379.0,1126.58,342.8
4510,1383.4,511.6,35.24,328.5
4511,1373.7,529.9,31.4,299.2
4512,534.1,533.8,29.13,301.8
4513,548.4,485.5,28.03,297.2
4514,1214.2,512.6,27.33,298.3
4515,606.3,544.6,27.03,288.1
4516,1052.5,518.0,26.58,251.6
4517,479.8,261.3,23.07,148.1
4518,1172.3,156.0,23.46,118.4
4519,1201.7,95.9,26.08,161.4
4520,501.3,123.1,27.49,151.1
4521,1485.2,110.5,29.4,163.9
4522,1342.4,124.9,31.61,162.6
4523,562.4,109.1,34.72,175.3
4524,1401.1,93.6,35.85,173.6
4525,565.9,96.4,36.04,180.2
4526,1272.0,103.2,36.72,182.1
4527,711.0,113.8,37.32,184.5
4528,2092.2,142.0,38.81,202.3
4529,1210.7,138.5,65.09,273.3
4530,1365.8,312.4,72.59,371.0
4531,1207.8,315.5,55.98,419.1
4532,833.5,310.3,39.05,330.4
4533,1211.1,348.1,35.4,325.6
4534,1533.3,218.6,30.51,339.9
4535,524.3,205.1,27.9,331.8
4536,530.7,304.2,26.54,295.0
4537,1264.5,281.3,26.02,331.5
4538,1262.6,341.8,26.01,296.6
4539,549.8,372.6,25.96,299.4
4540,1128.7,364.1,25.93,281.0
4541,519.6,246.5,24.94,164.2
4542,492.2,168.7,23.63,114.0
4543,531.6,108.8,24.48,88.8
4544,534.6,37.0,25.91,109.3
4545,1176.2,53.1,27.16,105.9
4546,1237.3,103.7,28.0,103.4
4547,527.5,48.0,28.96,133.5
4548,1210.5,40.9,30.05,134.7
4549,1375.0,33.4,30.7,138.6
4550,1407.9,67.9,31.06,145.1
4551,1409.7,76.7,31.26,150.6
4552,1235.1,91.4,33.08,191.8
4553,1575.8,165.7,34.98,236.4
4554,949.0,281.0,44.53,331.7
4555,888.0,327.7,39.26,431.3
4556,1214.4,296.7,35.92,432.8
4557,563.8,317.4,33.79,431.8
4558,1284.5,301.3,30.8,389.6
4559,532.7,232.1,28.69,392.3
4560,573.1,419.2,27.53,372.2
4561,703.0,416.5,27.49,393.1
4562,702.8,388.0,27.49,365.3
4563,610.4,398.8,27.75,371.3
4564,737.8,370.3,27.85,288.3
4565,1315.2,102.8,27.28,143.8
4566,1197.0,135.6,27.17,105.3
4567,530.8,43.1,27.43,97.1
4568,1396.0,50.7,27.6,100.3
4569,564.6,92.2,28.2,112.6
4570,1304.6,110.9,29.26,147.6
4571,569.1,85.9,30.58,154.4
4572,1340.4,70.1,31.82,151.5
4573,1419.7,44.6,32.63,154.3
4574,1260.7,45.2,33.64,166.8
4575,1279.4,86.4,35.18,176.7
4576,556.4,75.9,36.48,206.8
4577,916.3,104.3,66.65,255.9
4578,839.5,299.3,39.56,345.2
4579,588.3,333.5,37.65,372.3
4580,1232.3,325.7,36.37,329.9
4581,547.7,273.3,33.75,374.5
4582,576.9,307.2,31.11,365.9
4583,1249.4,346.0,28.65,376.3
4584,611.3,476.5,27.44,380.5
4585,531.6,465.8,26.77,379.3
4586,531.4,441.1,26.76,385.0
4587,522.1,425.6,26.83,364.6
4588,1309.6,356.5,26.88,252.6
4589,568.0,134.2,26.21,146.1
4590,627.8,109.3,26.18,125.8
4591,538.8,92.5,26.58,99.3
4592,1313.6,75.5,26.9,102.2
4593,610.7,79.5,27.44,101.5
4594,753.8,90.6,28.47,105.8
4595,1382.1,150.7,29.4,154.2
4596,547.2,138.1,31.29,155.9
4597,1237.6,149.5,32.36,153.1
4598,1298.9,138.5,33.4,172.0
4599,1239.3,138.2,33.96,173.8
4600,1393.2,148.6,35.48,183.2
4601,930.7,193.9,44.34,177.1
4602,1299.8,275.6,38.29,291.5
4603,1492.4,250.4,36.19,387.9
4604,548.3,254.4,34.19,353.7
4605,559.6,293.5,30.79,342.2
4606,1139.6,379.1,27.85,338.3
4607,1217.7,380.6,25.91,354.2
4608,1354.9,385.6,25.33,312.7
4609,1210.8,420.0,25.23,305.3
4610,1262.5,440.5,25.23,309.8
4611,562.7,434.4,25.34,317.1
4612,1298.6,343.7,25.68,271.0
4613,1220.0,76.3,25.48,126.0
4614,1377.7,70.6,25.34,103.9
4615,1059.9,48.8,25.98,100.4
4616,574.1,32.8,26.17,109.6
4617,1310.7,38.0,26.96,120.5
4618,501.0,73.9,27.84,124.0
4619,1058.5,65.1,29.03,143.5
4620,549.6,63.0,30.51,148.8
4621,555.8,62.9,32.08,149.0
4622,1392.0,49.2,33.13,157.4
4623,680.8,95.2,34.22,163.6
4624,2088.9,55.9,35.29,176.2
4625,1311.3,109.5,281.88,221.9
4626,853.1,259.2,41.75,300.2
4627,800.1,369.4,37.63,388.9
4628,1032.7,271.7,34.04,337.7
4629,1316.9,313.1,29.24,310.7
4630,1274.6,309.6,26.23,284.6
4631,1034.9,303.5,25.01,217.2
4632,529.2,355.5,24.37,213.6
4633,486.0,348.0,23.95,199.4
4634,1029.7,339.6,24.28,212.4
4635,550.6,322.6,24.67,214.9
4636,581.4,328.5,25.03,208.8
4637,554.5,84.7,25.24,141.1
4638,1417.9,86.8,25.39,104.9
4639,573.3,31.3,26.36,116.1
4640,589.4,37.6,27.03,105.2
4641,534.3,77.3,27.97,108.4
4642,542.9,87.8,29.44,129.7
4643,1231.7,38.0,31.73,126.1
4644,492.5,68.2,33.04,124.6
4645,570.7,109.7,34.48,124.3
4646,1284.5,94.8,35.97,126.2
4647,811.4,72.7,37.05,137.3
4648,1415.9,91.2,97.75,158.1
4649,1241.2,187.5,141.25,231.4
4650,930.3,282.1,42.88,319.7
4651,713.1,364.7,39.16,351.6
4652,1300.6,317.5,35.93,286.5
4653,594.6,415.4,32.83,293.8
4654,1383.5,467.1,29.33,269.2
4655,1345.7,453.6,27.21,275.5
4656,582.4,387.6,26.93,252.4
4657,552.7,360.1,26.83,288.6
4658,564.7,372.2,26.78,298.6
4659,1358.1,418.9,26.9,286.5
4660,1231.6,426.2,27.13,246.1
4661,626.0,188.4,27.08,149.4
4662,1272.2,98.1,26.87,109.3
4663,601.2,92.4,27.49,102.8
4664,1305.6,102.4,27.9,99.9
4665,759.0,112.5,28.86,105.5
4666,1306.2,50.0,30.33,134.7
4667,556.7,136.8,31.97,159.6
4668,550.0,131.9,33.34,165.0
4669,492.6,89.0,33.16,155.9
4670,1472.1,111.2,33.41,181.4
4671,1406.9,165.4,34.51,201.0
4672,1623.3,156.2,35.54,221.7
4673,1223.8,220.0,70.85,303.7
4674,1214.7,342.8,49.22,360.7
4675,579.2,347.6,37.85,311.0
4676,566.5,336.7,35.3,305.0
4677,488.2,322.6,32.99,282.9
4678,529.2,443.5,29.98,288.7
4679,1454.7,523.2,27.64,273.6
4680,1168.2,414.1,25.97,264.0
4681,1269.1,342.3,25.5,253.6
4682,522.7,290.7,25.47,286.9
4683,1241.5,384.3,25.46,296.3
4684,530.5,429.5,25.77,331.4
4685,1200.0,280.6,25.1,212.2
4686,485.7,115.5,24.45,138.9
4687,535.4,144.6,25.55,130.9
4688,494.0,67.9,25.89,155.2
4689,496.1,39.8,26.65,136.4
4690,1056.4,39.0,28.38,140.1
4691,544.7,58.5,29.62,152.8
4692,1382.7,37.7,30.41,149.7
4693,553.6,61.4,30.94,148.8
4694,554.4,58.5,31.69,153.4
4695,1177.7,79.0,33.3,184.7
4696,1365.1,54.3,34.46,197.7
4697,1603.0,219.0,35.46,277.2
4698,955.0,325.0,283.73,417.8
4699,1183.4,373.9,37.52,414.8
4700,563.9,330.1,34.32,396.0
4701,566.0,346.7,32.95,381.8
4702,536.5,214.6,29.44,346.3
4703,1170.1,471.5,26.97,334.7
4704,1048.1,422.4,25.39,291.5
4705,1217.2,406.1,24.11,228.3
4706,1189.1,398.7,23.62,221.0
4707,1154.7,353.7,23.57,221.6
4708,1288.4,263.7,23.56,208.0
4709,9.9,118.8,8.79,129.9
4710,10.0,92.4,8.57,98.9
4711,10.1,113.1,9.63,85.7
4712,1173.6,78.8,22.24,86.1
4713,1304.3,102.1,24.65,84.9
4714,594.4,68.5,26.74,125.9
4715,1376.4,38.8,28.3,132.5
4716,670.7,36.2,29.57,150.7
4717,572.3,59.2,30.73,152.5
4718,1399.7,42.4,31.88,155.9
4719,572.3,68.8,33.67,173.2
4720,1265.0,92.4,34.37,186.7
4721,809.8,206.2,752.89,277.2
4722,960.9,291.5,919.17,345.0
4723,715.7,320.4,38.04,284.1
4724,573.8,299.1,34.39,242.5
4725,1380.3,276.6,32.85,197.0
4726,1269.3,471.4,29.45,184.5
4727,531.3,322.9,26.73,174.1
4728,479.1,321.7,25.81,168.1
4729,553.9,348.3,25.1,127.9
4730,1156.5,341.1,23.55,125.1
4731,1253.0,371.8,23.37,120.6
4732,1256.8,341.8,23.66,116.5
4733,580.8,196.6,22.94,94.2
4734,1201.8,85.0,22.99,80.0
4735,1222.5,106.5,24.61,80.4
4736,500.7,87.7,26.5,104.5
4737,1043.9,81.1,28.82,104.3
4738,1239.3,67.7,31.68,115.7
4739,1417.3,108.5,34.62,143.7
4740,1280.2,107.0,36.51,149.5
4741,1109.4,95.4,38.0,153.9
4742,924.7,107.1,39.49,153.5
4743,924.6,146.2,41.32,160.5
4744,933.2,178.7,42.33,185.5
4745,1510.2,258.8,541.89,232.8
4746,922.7,337.4,636.12,266.5
4747,1248.3,416.8,43.33,262.6
4748,644.8,386.9,38.96,177.6
4749,1204.4,363.0,35.18,183.7
4750,1316.2,459.9,29.4,166.7
4751,538.4,506.6,24.79,132.2
4752,1221.0,491.1,22.67,139.4
4753,10.1,497.0,9.18,134.1
4754,10.1,475.5,8.9,136.3
4755,10.1,484.5,9.18,151.0
4756,10.2,485.3,9.21,153.3
4757,478.0,223.6,24.85,134.3
4758,502.5,103.4,26.68,164.3
4759,502.1,132.5,27.73,161.7
4760,666.3,131.0,29.68,136.2
4761,1440.9,147.4,31.96,153.9
4762,733.8,143.6,266.4,183.7
4763,644.8,122.9,938.73,192.1
4764,599.6,143.7,1281.13,201.1
4765,1300.8,152.3,1432.56,236.5
4766,1300.6,192.2,1589.58,278.9
4767,937.2,217.8,1572.1,289.2
4768,941.2,247.2,1714.08,299.4
4769,1854.0,360.4,2555.39,383.6
4770,1407.8,350.2,2106.95,444.0
4771,596.4,458.1,505.88,395.9
4772,790.7,393.6,41.83,375.2
4773,1233.0,340.8,36.16,349.3
4774,1197.5,433.4,31.53,341.9
4775,1020.9,516.8,28.22,305.0
4776,1384.6,508.5,25.99,296.7
4777,1187.8,481.2,25.18,270.8
4778,1186.3,516.2,25.73,319.6
4779,1415.8,510.5,26.7,331.7
4780,528.6,433.6,27.29,360.1
4781,630.6,326.2,27.33,285.9
4782,1329.0,182.2,27.91,211.6
4783,1248.2,136.1,28.72,196.3
4784,1041.0,148.7,29.73,186.9
4785,1560.9,71.8,31.2,192.7
4786,1275.8,154.0,35.56,149.2
4787,2292.0,161.5,191.2,157.8
4788,1473.1,109.0,284.46,160.2
4789,1238.0,89.4,42.58,144.8
4790,868.5,151.6,43.93,184.5
4791,1480.4,127.0,41.44,233.0
4792,1254.9,169.9,532.54,277.4
4793,920.0,238.7,1214.02,354.1
4794,915.8,360.9,1660.63,407.3
4795,816.6,417.0,543.33,391.0
4796,832.7,324.9,39.3,364.4
4797,1031.9,297.7,34.14,361.5
4798,1211.1,336.1,30.88,350.0
4799,1261.3,374.7,28.67,351.6
4800,554.7,310.1,27.74,374.4
4801,553.8,382.2,27.69,389.0
4802,523.7,421.6,27.73,394.6
4803,1278.0,427.5,27.79,468.4
4804,1229.8,367.3,27.92,429.0
4805,1342.2,284.8,27.85,281.9
4806,560.5,148.2,27.87,259.2
4807,1326.8,145.8,28.29,276.6
4808,1332.4,255.4,28.33,232.1
4809,1472.4,107.5,28.99,235.6
4810,653.2,110.9,29.64,228.1
4811,1229.6,75.3,30.65,216.2
4812,1192.4,79.3,31.37,216.5
4813,490.0,95.6,32.02,205.0
4814,1255.7,107.5,33.5,216.0
4815,1529.2,72.3,34.12,222.7
4816,1592.8,70.8,34.95,234.0
4817,977.8,121.0,72.64,278.2
4818,808.5,328.5,39.96,344.3
4819,835.8,404.0,38.42,337.6
4820,1025.4,297.0,34.16,273.4
4821,1380.2,396.0,28.71,260.0
4822,1245.0,439.9,24.87,188.4
4823,1151.1,494.0,24.05,171.5
4824,475.1,455.0,22.9,166.0
4825,474.7,398.2,22.65,177.7
4826,1238.4,351.1,23.08,186.3
4827,1273.4,359.7,24.09,190.6
4828,1365.4,357.9,24.52,183.2
4829,1049.5,151.4,25.58,184.3
4830,1460.4,31.3,25.91,111.7
4831,542.7,31.2,26.32,99.8
4832,1378.0,37.2,26.84,98.2
4833,749.3,39.1,27.64,99.9
4834,497.7,38.3,28.62,119.4
4835,1295.3,44.5,29.34,149.2
4836,548.2,74.2,30.3,129.2
4837,1670.6,77.9,30.98,129.9
4838,1203.6,116.1,32.43,135.3
4839,1292.8,102.8,33.02,145.3
4840,1353.5,92.5,33.66,157.3
4841,982.2,211.5,44.24,185.2
4842,1437.3,304.5,39.95,299.1
4843,822.8,295.1,33.53,302.6
4844,1514.8,272.4,32.26,310.4
4845,1267.5,470.6,29.38,303.4
4846,599.4,251.6,26.4,268.1
4847,1244.3,314.7,23.21,172.8
4848,476.9,336.2,23.16,176.2
4849,630.2,348.2,22.93,176.4
4850,524.3,273.4,22.98,168.9
4851,1207.7,403.9,23.62,161.1
4852,1283.1,416.2,23.89,164.4
4853,477.0,226.0,22.43,160.0
4854,476.3,199.9,22.45,148.6
4855,475.4,134.9,23.32,137.1
4856,559.1,153.9,24.59,131.6
4857,1043.3,84.8,25.85,156.8
4858,1193.6,71.1,26.88,130.1
4859,1377.5,65.5,27.38,108.9
4860,1175.3,86.2,28.36,103.1
4861,1275.3,82.1,28.81,122.9
4862,574.7,98.1,30.13,120.4
4863,546.5,153.1,32.33,121.0
4864,1530.9,101.3,33.81,130.2
4865,1532.2,225.5,36.12,240.9
4866,812.6,253.9,42.34,363.5
4867,810.4,340.8,34.46,319.2
4868,1216.0,316.4,32.26,296.7
4869,540.6,436.7,30.65,204.7
4870,1269.7,428.5,27.97,197.9
4871,477.4,403.2,25.85,192.1
4872,1151.5,407.8,24.37,146.8
4873,520.1,465.4,22.76,159.9
4874,1202.8,471.4,22.24,164.1
4875,476.5,474.2,21.97,165.9
4876,489.9,383.7,21.88,163.9
4877,9.8,100.8,8.35,135.5
4878,9.8,96.9,7.91,97.2
4879,1036.2,38.2,19.02,83.6
4880,489.8,59.0,21.39,86.1
4881,574.5,44.9,23.27,82.6
4882,562.7,81.0,25.98,109.6
4883,1254.6,64.3,27.52,139.3
4884,1285.6,85.5,29.3,148.0
4885,1282.3,36.1,30.48,168.2
4886,1193.8,89.7,31.22,200.8
4887,1285.4,142.9,32.19,205.0
4888,1462.5,124.3,33.58,200.3
4889,922.5,214.1,59.94,275.0
4890,921.1,262.3,88.2,328.1
4891,562.8,356.1,34.99,283.5
4892,1536.2,376.6,33.57,238.8
4893,1066.0,426.0,30.2,249.9
4894,1048.0,376.1,26.53,246.6
4895,1200.1,330.8,22.83,141.6
4896,10.1,282.1,8.74,175.8
4897,10.0,263.8,8.65,180.0
4898,10.0,248.0,8.65,177.0
4899,10.0,277.3,8.6,179.2
4900,10.1,252.6,8.77,166.3
4901,10.1,78.9,8.8,117.8
4902,1176.8,60.2,23.61,88.9
4903,506.2,45.6,27.57,100.6
4904,1277.8,44.9,28.82,97.9
4905,1137.5,41.4,30.21,115.6
4906,545.1,112.9,32.56,111.3
4907,1229.6,114.7,35.47,113.6
4908,1420.0,91.0,36.6,122.3
4909,567.0,82.5,37.77,151.2
4910,1298.3,123.3,39.17,199.2
4911,1400.1,145.3,40.62,215.5
4912,562.3,137.5,41.31,222.4
4913,1405.3,228.4,523.26,291.2
4914,927.5,393.8,44.7,324.0
4915,923.4,372.5,42.32,307.0
4916,715.8,341.1,38.66,226.7
4917,1603.4,326.2,35.53,203.9
4918,559.7,423.5,31.13,187.1
4919,1034.5,475.4,28.21,183.3
4920,488.7,443.7,26.81,195.8
4921,1217.3,455.6,26.73,212.2
4922,475.7,478.2,26.58,217.9
4923,566.1,464.0,26.73,219.4
4924,1219.9,475.4,26.93,239.4
4925,569.7,356.8,27.03,270.1
4926,1229.7,127.9,27.14,231.7
4927,1389.2,123.9,27.53,208.1
4928,1164.4,80.4,28.31,181.5
4929,1281.0,58.4,29.23,177.9
4930,544.1,85.5,30.33,163.3
4931,1236.8,77.9,31.94,171.1
4932,1369.2,92.1,33.43,190.3
4933,1370.1,96.4,34.72,191.1
4934,577.9,144.3,35.32,186.7
4935,715.5,155.5,37.59,188.2
4936,1255.5,139.4,36.76,225.1
4937,926.1,188.5,76.96,254.7
4938,859.9,313.3,39.6,315.9
4939,1388.1,324.1,35.56,216.3
4940,1350.0,331.6,33.8,184.9
4941,1029.5,501.7,29.05,164.8
4942,1161.1,475.3,24.48,121.2
4943,1209.5,380.0,22.16,120.7
4944,548.2,440.6,21.74,119.9
4945,547.4,454.4,21.69,123.4
4946,547.2,428.7,21.68,124.7
4947,1203.1,435.5,21.73,123.8
4948,1159.0,431.4,22.22,126.3
4949,1163.9,273.7,22.38,111.4
4950,1219.7,198.9,21.88,93.1
4951,536.0,148.3,22.14,83.5
4952,496.0,141.2,23.18,77.7
4953,1190.0,141.6,26.0,92.7
4954,564.8,111.8,26.4,96.6
4955,1166.3,120.7,26.49,99.9
4956,568.7,151.2,26.58,101.5
4957,1305.3,192.5,29.65,107.1
4958,1417.9,155.5,33.19,106.2
4959,1356.3,194.7,36.09,137.1
4960,848.7,198.0,40.14,166.6
4961,1058.0,312.2,48.63,255.0
4962,910.3,336.9,43.67,311.8
4963,1223.1,447.5,41.14,336.2
4964,709.8,425.2,38.96,329.5
4965,1174.6,360.0,34.48,338.7
4966,1244.8,501.7,29.51,316.6
4967,1287.0,342.2,27.74,297.0
4968,1371.5,322.0,27.41,305.7
4969,1414.6,241.3,27.23,327.5
4970,479.5,381.6,27.19,337.7
4971,556.6,417.4,27.21,335.7
4972,1176.7,354.4,27.3,310.3
4973,1060.9,77.4,26.89,208.0
4974,1064.4,100.4,26.83,145.3
4975,1053.5,95.7,27.22,129.5
4976,587.7,46.4,27.52,131.7
4977,1179.0,57.5,28.62,128.0
4978,558.6,50.2,29.49,136.0
4979,1331.6,64.7,30.39,147.4
4980,1211.2,79.1,31.54,148.4
4981,754.2,106.4,33.19,129.3
4982,870.8,176.6,33.26,128.3
4983,1610.0,101.8,35.6,141.9
4984,870.8,214.0,43.02,152.9
4985,913.2,270.4,105.1,246.9
4986,909.6,475.2,67.36,327.7
4987,955.8,393.2,44.47,357.8
4988,727.8,371.8,38.53,359.6
4989,1374.9,398.1,34.38,304.2
4990,549.0,518.3,30.87,255.9
4991,1280.4,483.7,28.3,226.7
4992,600.2,463.2,26.49,227.8
4993,561.0,509.7,25.39,200.3
4994,564.5,477.3,24.87,194.7
4995,1200.5,421.9,24.64,196.2
4996,531.8,399.1,24.5,168.4
4997,535.2,240.3,25.63,188.6
4998,1201.0,132.6,27.55,183.0
4999,561.5,86.5,27.68,172.9
5000,563.1,76.3,27.67,181.7
5001,541.4,96.6,28.54,166.4
5002,542.6,103.0,29.54,183.0
5003,1252.4,86.9,29.83,172.9
5004,1383.0,68.8,30.39,156.0
5005,579.9,68.7,30.51,144.1
5006,1357.8,52.1,31.8,124.9
5007,1203.2,87.7,32.53,121.5
5008,1349.3,150.5,34.36,171.9
5009,985.3,248.2,63.8,265.4
5010,648.0,371.2,39.83,380.9
5011,621.2,324.8,36.99,356.9
5012,1197.7,279.0,35.73,307.3
5013,1363.6,279.5,33.23,306.1
5014,1199.5,386.0,29.15,322.4
5015,1023.1,571.8,27.66,341.4
5016,1270.0,422.5,25.96,312.4
5017,561.3,298.4,24.92,240.7
5018,1191.1,418.7,24.55,245.8
5019,1218.9,442.8,24.55,260.3
5020,1209.7,393.5,24.57,268.2
5021,1231.3,202.3,22.15,106.3
5022,474.9,130.1,20.51,76.8
5023,1248.3,110.5,22.21,69.6
5024,1252.4,96.6,24.23,68.4
5025,1171.6,31.3,25.82,119.4
5026,493.2,36.2,25.99,132.4
5027,537.9,68.2,27.0,133.0
5028,1048.5,91.2,28.48,145.0
5029,1059.6,56.6,29.16,151.9
5030,545.6,77.1,30.18,147.0
5031,1403.5,87.0,31.09,155.1
5032,1200.3,50.1,32.17,164.5
5033,796.5,126.3,63.89,218.3
5034,921.9,315.6,69.83,303.1
5035,1370.4,345.3,33.03,268.4
5036,1043.7,288.5,29.44,251.5
5037,741.1,653.9,27.97,189.2
5038,1153.2,472.8,24.32,160.3
5039,1239.9,452.7,22.36,165.0
5040,1181.3,452.6,21.86,172.2
5041,1193.6,464.0,19.45,171.2
5042,1192.5,459.9,19.44,161.3
5043,1192.6,466.9,19.44,159.1
5044,474.0,439.5,19.43,160.2
5045,9.7,233.3,7.9,150.0
5046,0.0,148.6,0.01,159.2
5047,9.9,47.5,8.62,103.7
5048,470.9,53.5,20.09,93.3
5049,483.5,31.2,23.78,91.0
5050,1055.5,31.0,26.85,134.0
5051,1341.6,55.0,28.33,141.3
5052,1237.3,70.4,28.95,174.5
5053,1186.5,63.2,30.01,173.3
5054,1218.4,71.6,30.72,169.3
5055,1419.6,57.2,32.39,173.5
5056,1229.5,74.7,33.39,181.9
5057,921.4,208.5,64.54,288.7
5058,912.6,311.3,74.07,391.1
5059,1225.2,266.4,34.46,324.8
5060,1224.0,245.2,31.63,312.8
5061,557.1,337.3,27.48,282.2
5062,1246.9,203.0,25.51,249.7
5063,523.2,412.7,24.54,240.2
5064,1264.8,424.7,24.17,225.4
5065,1272.0,355.6,24.25,237.4
5066,1221.2,419.2,24.44,246.5
5067,1196.0,421.9,24.49,244.1
5068,1035.0,342.6,25.37,273.5
5069,1275.1,263.4,25.52,138.3
5070,1256.0,111.0,25.46,82.0
5071,545.2,109.9,26.48,106.0
5072,542.0,72.7,27.25,100.0
5073,1163.9,112.0,28.71,99.7
5074,542.9,86.8,30.94,123.2
5075,1205.2,136.6,33.56,120.9
5076,1306.2,148.4,36.19,161.3
5077,1518.8,122.3,204.53,173.8
5078,1278.2,78.7,439.84,174.8
5079,1289.9,68.2,656.66,189.0
5080,827.9,124.4,914.5,231.6
5081,913.1,216.4,1485.58,333.4
5082,833.5,392.4,1057.13,405.9
5083,788.5,339.1,316.35,368.2
5084,565.8,368.7,38.79,330.5
5085,2066.9,386.6,35.46,368.3
5086,560.9,501.9,32.19,314.3
5087,569.7,319.1,29.46,335.2
5088,1227.3,366.5,28.34,316.8
5089,1311.9,385.5,28.07,364.3
5090,1340.5,420.1,28.03,341.9
5091,635.8,392.8,28.07,333.1
5092,1141.4,445.8,28.25,333.1
5093,1231.5,202.5,27.99,140.4
5094,1390.6,130.6,27.53,117.6
5095,1470.6,106.0,28.07,78.1
5096,1475.5,73.3,28.4,91.1
5097,1250.4,103.1,29.23,139.6
5098,572.7,66.2,30.7,139.6
5099,494.5,85.9,32.69,149.5
5100,621.2,114.9,34.55,167.7
5101,671.5,86.8,35.45,169.2
5102,1333.8,111.3,35.97,171.7
5103,669.6,92.4,37.21,182.4
5104,1001.9,140.8,48.48,207.5
5105,924.1,188.5,72.42,296.2
5106,1229.0,409.4,72.0,447.8
5107,816.4,378.2,41.92,412.7
5108,554.5,354.8,36.52,408.5
5109,1518.8,356.0,33.23,391.9
5110,1033.9,134.3,28.76,376.9
5111,1371.2,452.7,26.0,289.8
5112,1199.2,399.9,25.46,230.2
5113,475.9,408.4,25.55,208.0
5114,475.6,529.2,25.53,199.0
5115,1128.9,464.6,25.89,196.6
5116,1008.7,384.4,26.53,196.2
5117,1184.6,188.6,25.73,137.5
5118,579.6,83.3,25.1,97.8
5119,1488.9,77.6,26.11,108.3
5120,538.3,61.8,26.83,102.9
5121,1248.8,37.0,28.51,107.9
5122,756.0,73.3,30.13,153.1
5123,546.7,71.5,32.44,151.6
5124,546.0,113.7,34.77,173.0
5125,1280.9,131.8,35.75,176.3
5126,671.6,121.5,36.88,202.0
5127,631.0,72.5,217.87,206.1
5128,1248.1,90.8,546.77,247.4
5129,1824.5,255.2,1354.57,349.7
5130,1386.4,386.8,1796.39,455.6
5131,1424.1,267.2,1172.97,352.6
5132,1387.6,270.1,192.52,297.0
5133,579.0,476.5,33.92,337.9
5134,551.8,431.1,30.91,326.2
5135,1028.9,498.6,27.99,307.9
5136,1328.4,450.7,27.09,290.6
5137,1338.0,377.7,27.17,292.4
5138,547.3,417.4,27.19,248.8
5139,548.1,360.6,27.54,243.8
5140,636.9,310.4,27.83,392.0
5141,538.1,297.4,27.49,389.9
5142,495.3,241.9,26.97,357.9
5143,1208.9,225.7,27.55,207.6
5144,1364.7,213.1,28.08,193.2
5145,1048.1,145.4,29.19,235.5
5146,548.3,58.9,31.03,211.2
5147,557.6,74.8,33.59,201.8
5148,670.5,73.4,35.53,205.7
5149,588.8,100.2,36.74,200.7
5150,1255.9,72.7,37.88,192.4
5151,1269.3,101.5,55.36,191.4
5152,822.5,122.8,195.33,234.4
5153,950.7,275.2,1304.74,305.1
5154,944.2,397.2,1339.13,411.5
5155,858.4,377.2,716.98,415.7
5156,1268.9,337.5,344.69,332.4
5157,1235.4,380.2,36.51,297.2
5158,1279.3,472.3,32.82,356.3
5159,1417.1,440.4,29.62,361.7
5160,1016.6,430.8,28.11,308.1
5161,524.1,417.0,28.01,301.9
5162,494.0,455.6,27.99,306.2
5163,1028.8,540.1,28.03,316.6
5164,1228.5,456.7,28.44,357.2
5165,1459.0,273.9,28.24,212.8
5166,1348.1,225.0,28.05,163.5
5167,1159.5,226.9,28.59,150.5
5168,1194.8,139.8,28.85,127.5
5169,1283.5,71.5,29.69,157.6
5170,1246.7,69.3,31.63,150.0
5171,1212.0,81.3,33.77,167.2
5172,580.5,80.3,35.64,168.8
5173,879.1,93.9,36.45,179.5
5174,1358.6,136.2,36.62,180.7
5175,1448.4,120.1,41.04,175.8
5176,661.9,128.2,132.55,204.3
5177,1400.4,207.7,996.05,248.1
5178,821.6,353.1,301.63,310.3
5179,812.3,299.4,41.34,235.1
5180,1402.0,328.8,37.69,199.2
5181,1297.5,359.8,34.64,199.5
5182,565.5,468.8,31.6,182.3
5183,551.2,583.2,28.39,200.9
5184,555.1,383.9,26.95,222.1
5185,1329.9,335.1,26.77,232.9
5186,482.5,479.2,25.88,204.5
5187,476.6,469.8,25.75,187.7
5188,1269.0,456.0,25.76,158.4
5189,1200.9,259.9,24.01,147.8
5190,477.4,113.9,22.95,115.1
5191,1225.3,133.2,24.82,131.0
5192,573.4,169.6,26.49,142.7
5193,649.6,104.9,27.94,99.5
5194,1053.5,77.8,28.96,93.4
5195,554.1,94.4,30.54,143.9
5196,1348.4,105.5,31.75,146.2
5197,558.6,63.0,32.36,159.1
5198,539.4,210.7,33.59,210.9
5199,565.1,204.5,34.11,203.4
5200,547.6,176.0,34.87,201.3
5201,1391.1,243.7,45.43,217.1
5202,1244.0,355.5,40.89,283.6
5203,563.3,277.4,35.81,277.7
5204,557.7,342.3,32.9,221.5
5205,530.6,397.5,31.77,176.4
5206,585.7,479.5,29.91,163.8
5207,1249.7,457.1,26.97,127.0
5208,487.5,437.7,24.69,129.0
5209,529.0,425.0,24.52,128.9
5210,1174.2,427.2,24.49,130.2
5211,571.9,437.8,24.8,131.6
5212,1238.9,427.5,24.67,136.0
5213,535.8,80.8,22.74,114.5
5214,490.2,55.9,21.68,78.0
5215,475.3,93.8,22.0,80.3
5216,1250.7,52.1,21.92,74.3
5217,1278.5,46.5,24.21,74.0
5218,536.5,48.6,25.38,88.2
5219,491.4,53.0,26.38,93.9
5220,1238.2,50.6,27.49,94.3
5221,1319.5,50.5,28.28,98.5
5222,1241.1,44.0,28.71,126.7
5223,531.7,84.6,30.14,128.5
5224,612.2,99.7,31.95,154.4
5225,1599.8,119.6,60.13,234.5
5226,823.6,205.4,58.87,381.3
5227,696.3,356.1,38.1,396.7
5228,552.4,289.3,34.07,371.8
5229,1358.5,327.4,31.71,391.2
5230,1033.2,492.4,28.75,390.2
5231,543.5,465.1,27.05,348.3
5232,590.7,541.3,25.89,328.6
5233,475.2,472.7,25.71,324.7
5234,479.0,428.9,25.71,316.7
5235,483.2,491.7,25.77,305.2
5236,1446.8,414.9,25.94,306.9
5237,1048.0,106.2,25.82,146.8
5238,1216.5,102.8,23.9,91.4
5239,1228.3,74.3,25.55,94.1
5240,586.4,58.4,25.72,90.8
5241,1232.4,42.4,27.04,99.9
5242,531.7,36.4,28.66,104.1
5243,1180.6,36.8,29.44,139.4
5244,664.0,101.2,30.47,142.0
5245,1445.8,66.2,31.72,139.5
5246,1386.8,46.0,32.86,138.8
5247,707.9,64.1,34.77,155.3
5248,1400.5,49.5,38.17,188.4
5249,914.1,172.7,275.38,280.1
5250,1432.7,228.1,559.71,427.4
5251,1786.3,291.4,39.67,358.5
5252,577.6,343.7,35.68,382.1
5253,1273.9,464.9,32.45,331.0
5254,553.2,470.9,28.82,300.5
5255,532.4,461.7,26.97,229.5
5256,528.2,460.5,26.03,220.0
5257,480.1,369.1,25.9,212.8
5258,476.7,484.8,25.73,248.3
5259,1030.4,524.9,25.88,305.8
5260,552.6,383.6,26.6,326.5
5261,478.5,191.1,26.26,185.2
5262,1208.0,95.7,25.34,111.0
5263,1059.2,78.1,26.27,108.5
5264,1320.9,64.9,26.76,105.5
5265,1352.4,85.6,27.7,107.4
5266,540.5,35.8,29.09,154.0
5267,1561.4,43.9,30.71,158.9
5268,1212.2,40.3,32.83,153.7
5269,1264.1,44.2,33.93,166.2
5270,1326.8,56.7,35.23,166.6
5271,1300.1,56.8,37.17,175.8
5272,2059.9,101.5,41.33,219.9
5273,978.9,145.3,720.35,294.3
5274,1291.2,355.8,992.78,404.8
5275,655.4,282.9,185.87,371.0
5276,728.3,245.2,46.63,329.5
5277,1281.1,295.9,36.16,343.9
5278,547.0,527.6,32.94,321.2
5279,1252.6,507.7,29.66,304.2
5280,1018.2,358.1,28.32,291.9
5281,1326.5,222.2,28.07,246.4
5282,1134.6,288.5,27.99,255.6
5283,523.3,490.2,28.03,286.2
5284,553.9,480.3,28.34,295.1
5285,1336.0,205.6,28.17,216.2
5286,1282.4,186.7,28.25,145.2
5287,531.1,176.1,28.44,104.4
5288,1395.9,170.0,28.51,152.3
5289,1039.9,99.3,28.99,186.7
5290,551.8,107.3,30.51,201.2
5291,1337.9,130.8,31.87,210.9
5292,574.0,117.7,33.04,215.2
5293,1588.2,144.8,35.61,267.3
5294,2210.8,117.8,37.26,284.0
5295,1088.1,178.9,75.46,283.8
5296,1397.9,142.9,256.83,350.4
5297,1371.1,286.4,405.25,386.1
5298,1225.7,385.6,47.24,388.2
5299,796.5,397.4,42.86,367.1
5300,1385.6,362.4,37.83,316.2
5301,574.8,432.8,34.72,307.0
5302,1172.7,460.3,31.7,299.6
5303,1272.6,410.9,29.05,316.5
5304,1023.7,491.9,28.13,289.4
5305,551.2,498.0,27.73,272.6
5306,632.7,425.9,27.65,288.6
5307,1014.5,424.1,27.8,291.4
5308,1224.8,399.0,28.2,309.2
5309,1229.0,279.0,28.13,268.2
5310,1351.0,289.9,28.02,221.0
5311,1359.0,173.9,28.08,161.4
5312,1221.3,190.0,28.16,183.5
5313,1388.1,125.7,28.2,202.0
5314,534.9,113.0,28.93,220.3
5315,570.8,128.2,29.65,213.6
5316,1277.3,158.5,30.32,207.1
5317,1242.4,278.7,30.63,204.8
5318,1241.3,238.4,30.16,206.2
5319,1234.8,235.6,29.79,215.4
5320,528.6,194.7,31.37,209.5
5321,991.6,217.2,42.06,234.8
5322,1213.8,256.1,38.7,281.5
5323,1215.6,297.6,32.22,247.9
5324,1039.2,381.3,29.23,169.5
5325,1207.0,466.8,27.85,110.8
5326,1175.0,345.5,24.51,113.1
5327,1197.6,400.0,21.54,112.1
5328,10.0,415.7,8.73,112.8
5329,9.9,346.4,8.42,114.4
5330,9.9,255.9,8.52,126.9
5331,1148.7,297.6,21.7,126.9
5332,1206.6,433.8,24.92,145.8
5333,531.6,226.3,26.32,131.7
5334,581.2,132.7,27.46,61.2
5335,1185.9,112.9,27.6,56.2
5336,1236.4,87.5,26.07,53.0
5337,1255.2,40.6,25.1,51.2
5338,1249.7,45.0,25.43,56.5
5339,1340.6,65.9,26.43,52.3
5340,1234.2,36.5,27.31,52.9
5341,557.5,32.2,27.59,57.9
5342,539.6,59.5,27.82,54.6
5343,497.6,60.1,28.11,71.4
5344,666.5,32.5,30.19,118.9
5345,826.7,119.7,63.86,169.8
5346,555.3,283.1,42.66,253.5
5347,560.9,236.8,33.26,242.3
5348,1399.2,339.4,31.95,232.1
5349,1156.9,392.0,29.7,220.5
5350,545.9,318.1,27.39,189.4
5351,575.0,392.1,25.83,187.0
5352,474.6,386.8,24.15,143.2
5353,1277.9,438.8,23.85,141.6
5354,1277.5,437.0,23.97,147.4
5355,1230.6,411.5,24.36,151.8
5356,567.9,412.8,24.48,156.9
5357,558.5,89.3,23.26,89.3
5358,1239.9,57.8,21.76,69.4
5359,1272.9,36.9,22.98,58.4
5360,1224.9,36.9,22.19,61.3
5361,1157.6,64.6,22.76,62.2
5362,479.1,59.3,23.3,63.1
5363,1270.3,59.8,23.98,64.5
5364,1273.7,32.0,25.57,71.0
5365,531.8,37.0,26.51,55.6
5366,1262.8,36.1,27.92,54.3
5367,1410.6,32.7,29.26,111.9
5368,1177.7,54.5,30.57,126.4
5369,844.5,187.1,60.85,194.4
5370,834.6,351.9,68.61,342.1
5371,1274.8,316.6,32.77,339.2
5372,540.5,323.5,30.78,349.2
5373,545.2,298.2,29.63,357.7
5374,547.0,157.5,27.87,292.3
5375,526.1,181.4,26.07,301.4
5376,1228.9,317.3,24.3,256.7
5377,1163.7,185.1,23.6,245.6
5378,472.4,323.8,23.33,241.0
5379,1142.5,149.9,22.95,227.5
5380,1264.3,311.9,22.93,233.6
5381,472.8,166.0,18.74,199.2
5382,0.0,90.4,0.01,125.3
5383,9.7,70.9,7.74,94.5
5384,9.8,58.2,8.46,82.6
5385,475.8,61.6,21.49,84.5
5386,1156.9,122.2,22.94,82.5
5387,1179.5,41.7,24.49,89.3
5388,1333.0,41.8,25.48,102.7
5389,554.2,109.1,26.75,134.0
5390,545.7,146.6,27.86,130.0
5391,1376.9,74.2,28.93,205.3
5392,583.9,126.3,30.66,230.0
5393,571.9,288.4,71.95,299.4
5394,530.1,261.8,89.34,347.1
5395,1532.0,152.4,31.67,343.6
5396,556.2,194.9,30.51,373.7
5397,1192.3,215.6,29.02,391.5
5398,1004.4,195.1,27.19,370.3
5399,473.9,229.7,25.63,351.3
5400,1356.1,138.7,25.33,334.4
5401,472.7,153.8,25.37,294.0
5402,526.8,205.6,25.38,280.7
5403,541.4,206.9,25.72,303.6
5404,530.1,355.5,26.85,347.8
5405,1048.2,414.3,26.32,297.4
5406,488.3,114.2,25.65,184.4
5407,1038.8,109.9,25.74,152.4
5408,534.8,59.9,25.84,142.4
5409,1266.8,51.0,26.78,120.9
5410,536.4,59.5,27.5,120.4
5411,559.8,40.1,28.77,164.6
5412,1198.0,64.1,29.44,158.1
5413,558.5,76.6,30.13,157.6
5414,550.0,39.8,31.67,148.7
5415,1370.2,39.3,32.76,151.6
5416,792.3,119.1,34.72,192.8
5417,944.5,207.1,69.21,307.7
5418,825.1,399.1,43.08,442.4
5419,1339.4,367.5,38.59,397.8
5420,1316.1,323.5,34.92,355.4
5421,531.3,253.9,33.17,378.3
5422,545.6,379.0,30.5,360.3
5423,1131.0,363.8,28.14,348.7
5424,1214.2,308.5,27.29,322.3
5425,548.8,414.7,27.22,324.9
5426,1435.7,473.2,27.22,367.0
5427,1143.7,450.9,27.27,344.8
5428,1134.2,399.9,28.22,373.2
5429,550.1,264.3,27.46,136.2
5430,492.0,89.7,26.54,74.8
5431,535.4,152.0,26.69,83.6
5432,1300.8,60.5,26.62,64.9
5433,1283.6,74.7,27.39,66.4
5434,499.9,38.1,27.98,74.6
5435,1031.5,55.8,28.61,82.2
5436,1253.8,62.9,28.7,138.3
5437,1370.4,42.1,29.35,170.3
5438,573.5,81.6,30.6,164.5
5439,1199.0,90.6,32.21,142.5
5440,576.9,120.5,36.11,184.3
5441,1177.0,305.8,68.9,307.5
5442,1073.1,411.3,43.88,389.0
5443,1586.0,394.1,36.36,360.9
5444,551.5,338.3,32.53,298.4
5445,1372.6,475.9,30.76,259.6
5446,1271.2,587.5,28.01,146.2
5447,1304.5,461.6,26.07,138.2
5448,570.6,470.7,24.78,142.7
5449,570.0,305.7,24.07,141.4
5450,475.6,424.1,24.07,141.5
5451,476.5,406.4,24.11,144.2
5452,1242.4,317.5,25.27,140.2
5453,1155.7,136.0,24.27,118.8
5454,476.6,106.4,24.34,104.1
5455,490.2,58.4,24.94,101.5
5456,1212.8,56.6,24.77,90.6
5457,1223.6,44.3,24.59,86.2
5458,1228.6,86.9,25.68,87.9
5459,1350.8,73.6,26.99,90.1
5460,541.3,84.5,28.68,102.7
5461,1287.9,92.6,29.02,124.2
5462,1055.1,186.5,29.65,123.2
5463,1223.6,225.6,31.62,155.6
5464,843.9,159.5,34.93,170.5
5465,988.2,242.4,44.12,205.4
5466,1217.6,396.2,38.57,215.3
5467,549.0,361.5,32.07,153.1
5468,1172.9,408.3,30.82,150.9
5469,1251.9,454.4,25.44,111.4
5470,10.0,366.0,8.54,114.5
5471,0.0,285.9,0.01,124.8
5472,0.0,235.1,0.01,129.0
5473,0.0,302.5,0.01,121.9
5474,0.0,326.6,0.01,125.4
5475,0.0,353.0,0.01,137.5
5476,0.0,312.2,0.01,124.9
5477,10.0,287.9,8.6,114.5
5478,10.1,291.0,9.03,107.4
5479,476.0,275.1,22.3,104.1
5480,483.2,196.4,23.37,95.1
5481,571.7,101.2,25.0,89.3
5482,1064.3,118.8,26.56,84.5
5483,1184.3,95.1,26.95,82.5
5484,1242.4,86.2,28.07,79.4
5485,1043.2,82.1,28.73,118.1
5486,1366.1,95.8,28.84,107.4
5487,1365.6,153.2,28.78,119.6
5488,573.7,114.6,30.21,120.8
5489,555.9,300.2,41.64,165.2
5490,537.0,273.4,39.16,238.5
5491,1236.3,411.7,28.98,230.8
5492,1479.0,322.2,26.94,177.7
5493,480.9,360.3,25.23,154.2
5494,1201.2,293.2,24.96,164.7
5495,1287.3,399.7,24.29,147.9
5496,1202.6,392.4,24.62,142.5
5497,1394.7,371.2,24.89,151.2
5498,1207.7,391.1,24.95,145.8
5499,1209.7,430.9,25.23,148.3
5500,537.1,402.9,26.9,181.4
5501,472.2,154.7,26.01,95.5
5502,481.8,36.0,24.54,60.6
5503,1207.6,31.1,24.46,52.6
5504,489.6,31.2,24.83,51.8
5505,481.7,36.8,26.2,52.5
5506,535.7,36.4,26.83,53.9
5507,1235.7,36.4,27.7,55.5
5508,1236.1,31.8,28.5,55.2
5509,1282.3,31.6,28.99,107.3
5510,1219.2,34.4,29.79,104.9
5511,549.4,39.1,31.08,108.7
5512,1162.4,53.2,33.21,138.2
5513,811.5,247.8,65.78,195.8
5514,892.3,386.0,39.07,346.9
5515,1272.6,414.0,36.61,348.9
5516,563.6,300.6,33.66,341.6
5517,1299.2,221.9,31.79,342.8
5518,1198.6,372.5,29.99,362.0
5519,1242.1,226.0,28.24,368.1
5520,1233.0,379.0,27.52,271.6
5521,1214.1,372.5,26.95,276.6
5522,1354.3,417.3,26.87,308.7
5523,1354.9,487.2,26.89,304.4
5524,1247.4,395.1,27.39,291.4
5525,465.9,219.1,25.65,147.8
5526,482.0,72.4,23.11,69.5
5527,1275.3,71.2,23.28,60.8
5528,1200.3,53.2,23.82,58.4
5529,1242.6,50.5,24.68,61.1
5530,1405.0,47.8,25.45,71.6
5531,531.7,55.6,26.06,64.6
5532,1372.4,75.8,26.42,65.5
5533,1166.7,58.9,26.43,64.8
5534,1018.2,75.1,27.12,61.3
5535,524.6,61.0,28.61,136.6
5536,479.5,113.5,30.57,174.1
5537,560.1,167.9,36.44,230.0
5538,822.4,311.9,69.64,343.0
5539,559.6,302.3,34.17,356.3
5540,1306.0,176.4,31.94,354.7
5541,1296.0,154.8,31.29,355.4
5542,1183.1,328.6,29.54,376.2
5543,1124.5,232.4,27.98,351.3
5544,562.6,441.2,27.13,254.1
5545,541.5,309.4,26.38,252.8
5546,1226.9,358.5,26.13,262.0
5547,525.2,356.7,25.78,271.7
5548,517.9,355.8,25.96,274.4
5549,1162.8,265.3,24.0,190.0
5550,1178.6,102.6,22.8,134.3
5551,1182.1,36.8,22.79,87.4
5552,484.6,38.7,22.52,69.8
5553,1187.6,38.5,22.6,64.6
5554,1224.3,39.0,22.93,75.2
5555,1279.8,31.5,23.84,68.2
5556,1199.3,38.9,24.38,65.9
5557,1035.1,38.8,24.78,76.6
5558,549.6,38.1,25.89,95.1
5559,1374.1,38.1,27.3,95.8
5560,1163.0,33.2,29.1,149.7
5561,524.0,251.0,31.52,219.5
5562,1179.9,319.2,71.12,360.7
5563,596.4,308.9,46.73,366.5
5564,543.0,256.6,32.06,344.2
5565,579.9,300.9,30.67,380.4
5566,571.5,426.4,28.63,367.9
5567,1317.0,489.7,27.54,307.5
5568,528.3,471.6,26.59,364.3
5569,524.9,400.6,26.54,374.8
5570,472.3,412.1,26.55,380.7
5571,1333.3,502.0,27.35,338.0
5572,1230.0,456.5,28.59,381.1
5573,1226.4,231.5,27.84,122.6
5574,478.3,37.2,26.09,86.3
5575,1276.6,63.8,25.51,88.1
5576,531.7,78.1,25.45,82.4
5577,1482.1,37.0,26.31,97.8
5578,536.1,94.3,27.37,59.4
5579,1299.1,92.1,28.22,88.6
5580,1031.4,57.9,28.73,119.3
5581,1362.0,80.5,28.93,121.1
5582,1183.2,32.6,30.38,130.9
5583,1370.5,88.4,31.62,152.5
5584,790.0,125.6,35.57,165.1
5585,920.5,275.3,66.51,293.1
5586,690.8,439.5,41.51,442.6
5587,804.5,346.9,36.1,380.1
5588,1277.7,267.2,32.75,344.2
5589,1413.6,341.1,31.03,368.3
5590,533.1,209.7,28.38,370.0
5591,548.9,387.1,26.91,312.3
5592,544.5,386.4,25.89,319.8
5593,523.8,366.2,25.29,316.1
5594,1034.9,354.4,25.3,322.7
5595,1244.0,363.0,25.59,321.5
5596,1217.7,364.5,27.09,318.9
5597,493.8,310.3,26.12,194.6
5598,470.8,86.0,24.62,93.8
5599,1289.2,75.4,24.47,79.3
5600,1254.3,42.1,24.94,66.2
5601,1282.0,37.6,25.43,83.2
5602,532.5,89.0,26.22,96.3
5603,1345.5,100.4,27.27,98.7
5604,559.8,137.0,28.21,107.3
5605,1185.7,31.3,29.12,141.9
5606,558.6,31.6,30.14,135.0
5607,550.5,50.5,30.5,138.5
5608,539.0,109.7,33.06,160.1
5609,906.4,165.9,44.59,221.5
5610,1217.8,400.4,41.22,352.4
5611,559.6,412.8,32.68,311.3
5612,584.9,221.4,31.05,266.3
5613,552.6,427.6,28.8,164.4
5614,526.9,448.3,26.36,120.0
5615,1237.4,443.3,23.45,112.7
5616,1239.0,438.5,22.61,111.6
5617,1169.3,425.5,22.38,111.0
5618,1199.1,365.0,22.27,111.1
5619,1236.5,417.9,22.41,108.1
5620,542.9,447.1,24.05,109.6
5621,1178.3,173.4,23.04,94.8
5622,1160.0,92.2,22.37,74.0
5623,478.9,80.4,23.09,55.8
5624,1281.6,42.4,23.79,54.9
5625,1224.1,55.7,24.36,55.4
5626,1226.1,50.5,24.72,61.4
5627,1171.2,47.8,25.31,73.1
5628,498.8,44.1,25.89,85.3
5629,1264.2,115.9,26.2,86.5
5630,1264.9,37.9,26.21,85.5
5631,1476.6,68.5,26.22,84.5
5632,1378.2,135.6,31.49,129.1
5633,838.0,216.8,68.81,153.5
5634,1250.5,394.5,39.18,208.6
5635,537.5,365.7,32.53,161.2
5636,1169.8,286.9,30.81,148.4
5637,1275.4,424.6,28.81,140.8
5638,482.4,569.8,26.03,102.5
5639,477.3,461.8,22.93,101.4
5640,476.4,458.5,17.96,106.3
5641,10.0,416.7,8.48,106.0
5642,9.9,440.2,8.44,106.6
5643,10.0,408.6,8.5,105.2
5644,1202.5,386.5,18.04,106.8
5645,1206.3,296.4,21.03,105.7
5646,473.5,188.0,18.16,88.8
5647,1203.7,85.5,22.11,73.8
5648,1263.5,69.2,23.16,67.8
5649,1230.6,83.6,23.51,70.7
5650,1177.5,141.9,24.64,70.2
5651,488.8,142.6,26.38,80.6
5652,541.3,162.6,27.76,86.3
5653,1058.5,80.2,29.49,115.2
5654,1452.1,138.3,31.57,129.1
5655,1307.3,195.7,32.71,141.5
5656,712.9,208.9,36.56,177.7
5657,914.4,235.0,64.76,202.8
5658,903.5,370.1,37.71,209.6
5659,582.7,310.7,33.85,160.1
5660,1520.7,348.8,32.23,146.2
5661,534.5,470.3,29.85,143.7
5662,637.2,412.3,26.32,111.7
5663,1249.1,366.6,22.75,111.2
5664,477.9,381.6,8.57,110.9
5665,9.9,336.5,8.5,109.3
5666,9.9,336.2,8.46,109.6
5667,9.9,327.1,8.51,111.7
5668,10.0,314.5,8.6,114.0
5669,530.6,264.9,8.63,110.2
5670,10.1,215.0,8.96,97.6
5671,1172.1,130.7,22.93,88.6
5672,499.6,159.2,23.72,89.3
5673,1239.3,150.8,24.93,75.9
5674,1186.0,136.0,26.42,102.6
5675,543.4,135.0,27.85,109.9
5676,535.2,126.8,29.34,127.8
5677,1217.2,129.2,31.06,115.1
5678,1286.5,67.6,31.99,111.7
5679,1367.0,89.7,33.27,127.1
5680,824.7,125.5,37.77,143.1
5681,958.8,232.6,46.37,179.5
5682,782.4,254.3,39.49,218.1
5683,664.1,275.5,33.81,167.6
5684,1389.3,328.8,32.49,166.7
5685,1426.7,435.1,30.91,152.4
5686,1038.5,528.0,28.27,117.0
5687,1206.5,531.5,25.88,128.5
5688,477.8,417.2,23.77,134.4
5689,1109.5,427.1,23.09,137.3
5690,476.4,409.1,23.07,142.0
5691,557.1,426.8,23.07,146.6
5692,1109.7,411.1,23.45,166.5
5693,490.6,193.5,22.69,142.8
5694,10.1,77.0,9.55,70.3
5695,1215.6,41.2,22.68,60.9
5696,480.4,91.1,23.26,58.8
5697,1245.5,65.9,24.72,59.7
5698,485.3,39.5,26.74,86.5
5699,1212.1,37.1,28.0,104.7
5700,1483.4,54.7,28.48,112.4
5701,1407.9,48.6,28.79,123.0
5702,1310.6,52.1,30.09,152.8
5703,1208.6,143.1,31.54,157.5
5704,589.4,165.3,33.41,237.3
5705,1285.1,296.1,66.25,303.8
5706,1283.1,345.5,39.86,316.5
5707,542.8,244.9,35.05,280.3
5708,1224.3,245.8,31.94,256.1
5709,556.7,362.3,30.54,255.9
5710,1021.5,384.7,28.66,267.1
5711,477.4,419.9,27.2,213.3
5712,520.9,502.1,26.43,233.0
5713,1262.6,437.2,25.25,235.7
5714,570.3,446.2,25.23,265.2
5715,1107.3,445.6,25.35,287.1
5716,483.4,443.3,25.36,288.7
5717,482.9,293.6,24.57,305.0
5718,9.9,281.3,11.86,289.1
5719,471.4,184.5,20.15,158.2
5720,471.0,98.1,21.85,147.0
5721,1290.1,84.5,24.32,127.8
5722,1193.6,143.4,25.16,133.0
5723,1379.2,90.1,26.79,141.7
5724,562.9,76.0,27.32,137.7
5725,1474.0,55.5,28.21,141.1
5726,503.6,61.5,29.07,185.5
5727,1207.4,43.5,30.67,184.9
5728,614.0,73.4,33.87,224.4
5729,633.9,285.4,69.08,290.6
5730,761.8,391.3,75.54,445.3
5731,695.9,337.4,40.8,439.6
5732,1374.3,375.5,35.27,422.4
5733,552.1,358.2,33.02,426.3
5734,539.4,347.7,29.86,400.8
5735,1447.4,395.0,28.03,386.4
5736,551.9,294.4,27.68,381.8
5737,551.3,278.8,27.63,395.3
5738,551.4,289.1,27.58,391.2
5739,1327.7,448.1,27.69,383.2
5740,689.9,400.5,28.44,396.2
5741,1026.6,255.7,28.57,238.3
5742,554.6,146.3,27.67,122.0
5743,484.6,105.8,27.59,111.0
5744,1324.7,102.6,27.67,106.9
5745,1159.9,79.7,28.31,107.8
5746,505.1,74.1,29.24,153.9
5747,1406.8,90.8,30.32,154.7
5748,1343.6,78.7,31.2,152.8
5749,559.2,82.3,32.16,150.0
5750,1364.2,82.8,32.87,148.6
5751,1291.1,102.3,34.28,167.5
5752,1273.0,145.9,40.6,213.5
5753,1384.5,244.9,652.14,336.7
5754,1225.7,320.9,642.2,445.1
5755,623.0,354.3,360.03,400.4
5756,1183.3,299.1,35.38,370.3
5757,559.7,383.2,32.39,350.8
5758,1451.0,483.8,28.65,344.2
5759,594.6,442.0,26.93,288.2
5760,1044.1,336.3,25.94,292.6
5761,1263.4,362.8,25.88,279.7
5762,1237.6,371.7,25.84,277.5
5763,526.8,335.9,25.91,300.6
5764,491.4,379.9,26.96,282.0
5765,596.9,209.2,26.68,221.2
5766,480.5,121.5,25.92,138.8
5767,481.7,59.9,25.94,85.4
5768,536.1,86.2,26.24,68.0
5769,633.2,86.0,26.63,80.7
5770,546.9,48.4,27.63,114.4
5771,1476.3,45.7,28.39,117.1
5772,563.6,40.3,29.29,160.1
5773,560.4,42.9,30.21,155.4
5774,558.3,42.2,32.05,155.0
5775,1294.0,51.3,32.91,161.3
5776,831.7,163.9,38.33,227.3
5777,913.2,334.4,198.74,314.4
5778,778.6,429.3,39.76,324.1
5779,808.6,408.5,34.6,277.3
5780,528.0,368.6,32.47,228.4
5781,1164.8,471.5,29.96,174.7
5782,1025.7,549.2,27.5,124.5
5783,475.4,421.2,25.68,120.0
5784,1443.2,398.8,24.33,121.2
5785,526.0,313.8,24.24,119.3
5786,1236.6,403.5,24.24,120.6
5787,527.6,413.3,24.34,121.8
5788,1227.4,366.8,26.01,121.6
5789,1036.4,228.5,24.87,103.6
5790,483.2,171.3,23.65,84.8
5791,550.6,113.4,23.1,77.2
5792,1308.4,72.6,24.53,72.2
5793,1234.2,81.3,24.97,72.4
5794,487.1,104.1,25.61,83.9
5795,1066.6,120.8,26.23,90.2
5796,647.8,87.7,27.73,79.8
5797,1057.1,84.7,28.83,74.5
5798,1162.5,63.4,28.93,98.4
5799,1386.4,98.3,29.25,110.4
5800,919.7,134.6,37.61,159.1
5801,1296.0,279.3,71.4,192.5
5802,891.1,369.8,37.41,175.2
5803,1293.4,307.2,33.44,160.2
5804,551.8,340.0,32.12,138.1
5805,554.8,410.9,28.93,135.6
5806,486.7,398.6,26.31,103.5
5807,1246.0,344.2,22.86,104.3
5808,1201.7,310.2,21.76,102.9
5809,10.1,292.0,8.48,103.6
5810,9.9,331.0,8.45,104.1
5811,10.1,302.3,8.49,105.1
5812,478.9,268.1,21.94,105.6
5813,1252.7,235.7,22.02,93.3
5814,1257.4,76.6,21.92,68.1
5815,1163.6,63.5,22.46,68.0
5816,564.9,39.7,23.86,66.7
5817,1231.7,39.0,24.92,69.0
5818,1055.6,37.6,25.88,79.7
5819,1071.9,82.8,27.49,80.3
5820,1379.3,81.1,28.61,90.6
5821,1296.4,73.2,29.6,125.7
5822,759.2,51.9,30.48,125.5
5823,563.1,87.3,32.5,115.6
5824,929.7,205.7,40.5,176.0
5825,1190.7,316.8,46.95,232.2
5826,625.4,284.5,37.76,230.0
5827,1531.5,338.0,32.92,223.7
5828,549.1,356.5,30.83,205.5
5829,535.0,410.7,27.43,125.6
5830,1163.6,359.6,23.64,129.8
5831,479.4,279.9,21.43,135.0
5832,478.1,284.4,21.41,139.8
5833,477.3,312.6,21.43,141.1
5834,1151.9,296.2,21.33,140.9
5835,1153.6,270.9,21.66,140.9
5836,480.4,281.3,23.61,141.0
5837,1208.5,353.8,23.53,122.6
5838,560.2,159.8,23.42,97.4
5839,535.8,87.1,23.99,87.4
5840,1249.5,33.8,24.18,83.6
5841,535.1,43.2,25.66,83.0
5842,1321.0,51.8,27.12,107.8
5843,538.9,47.7,28.54,118.9
5844,564.5,41.9,29.45,148.3
5845,549.2,77.6,30.75,155.3
5846,556.3,108.1,31.77,161.5
5847,1370.2,102.8,55.64,176.3
5848,1309.3,157.1,385.7,216.6
5849,990.2,302.3,71.57,300.4
5850,1601.0,357.5,37.13,277.8
5851,1248.0,284.9,34.59,169.0
5852,1196.7,347.9,32.19,129.5
5853,1302.6,464.1,30.39,114.5
5854,1030.3,591.4,27.96,115.0
5855,1006.4,603.6,26.77,114.7
5856,1161.1,510.4,25.68,112.2
5857,1108.0,497.8,23.88,76.2
5858,1269.5,510.0,23.13,82.8
5859,476.1,373.8,22.39,81.1
5860,1240.4,400.2,22.14,82.4
5861,1182.1,304.3,20.32,69.4
5862,9.8,150.5,8.13,51.5
5863,9.8,129.2,8.01,45.7
5864,9.9,124.9,8.18,43.0
5865,10.0,104.5,8.52,43.9
5866,1054.2,86.3,20.1,44.3
5867,1166.6,74.7,21.65,45.6
5868,484.6,68.8,22.49,45.2
5869,1170.9,63.8,22.88,45.4
5870,1170.8,71.0,22.53,45.9
5871,1204.7,75.3,23.06,48.0
5872,1255.1,96.7,24.94,56.0
5873,1168.6,327.4,66.13,122.5
5874,895.0,410.4,60.86,127.9
5875,1016.4,335.5,28.48,106.1
5876,1457.1,344.1,25.22,83.0
5877,556.8,425.1,22.91,69.5
5878,475.2,484.2,20.61,70.6
5879,10.0,462.2,8.74,72.7
5880,10.0,491.6,8.72,71.8
5881,466.0,495.6,8.71,73.0
5882,465.8,512.5,8.7,75.2
5883,1035.6,518.7,8.7,78.5
5884,9.9,489.6,8.71,80.6
5885,9.9,261.0,8.71,66.8
5886,9.8,219.8,8.26,55.1
5887,9.8,145.6,8.31,47.2
5888,10.1,128.8,10.5,47.3
5889,1158.4,95.1,21.89,47.6
5890,1232.4,120.4,23.18,49.4
5891,1235.0,109.1,24.48,49.6
5892,1170.8,113.5,25.2,60.8
5893,1341.4,125.7,26.49,84.4
5894,1148.6,133.2,28.1,102.5
5895,658.5,94.9,28.88,135.0
5896,696.1,166.1,30.96,171.4
5897,841.1,326.5,62.43,280.2
5898,841.1,319.7,60.57,319.0
5899,1210.3,289.0,31.09,310.9
5900,1174.6,292.6,30.41,307.0
5901,1236.3,433.3,28.57,323.4
5902,521.3,457.4,26.33,282.3
5903,1184.4,391.6,23.83,184.0
5904,475.1,398.4,22.3,182.3
5905,469.5,375.3,22.27,208.4
5906,469.2,215.3,22.37,236.7
5907,469.4,286.0,22.39,251.7
5908,1146.9,361.3,22.92,212.1
5909,1181.0,221.0,22.57,196.0
5910,467.7,180.0,17.98,97.5
5911,469.7,78.9,19.34,84.5
5912,564.7,121.9,22.61,93.2
5913,1226.2,63.0,24.63,89.6
5914,1485.3,64.4,26.41,144.3
5915,1395.8,118.4,28.11,172.2
5916,1245.3,92.2,29.07,181.8
5917,547.5,88.1,29.89,207.0
5918,1381.3,138.9,30.08,251.6
5919,749.8,184.0,32.34,262.0
5920,573.3,156.6,34.32,289.3
5921,565.2,333.3,71.85,350.9
5922,624.9,348.2,35.99,365.2
5923,861.6,317.6,32.85,377.9
5924,576.1,419.9,31.33,352.4
5925,542.3,552.3,28.46,349.3
5926,1456.5,284.9,27.15,340.0
5927,1270.2,311.2,25.76,359.2
5928,1205.9,454.7,25.2,307.6
5929,1028.0,361.0,25.51,342.7
5930,563.7,364.8,26.06,372.2
5931,1291.1,447.0,26.32,377.7
5932,1346.4,567.1,27.76,344.7
5933,1234.7,353.6,28.7,302.9
5934,539.1,244.9,27.86,191.7
5935,1361.4,119.9,27.25,153.2
5936,1186.2,136.3,27.51,147.2
5937,535.6,135.0,28.65,147.1
5938,1289.6,112.8,29.84,166.6
5939,539.9,120.9,31.16,167.0
5940,1199.2,119.4,32.62,162.9
5941,1201.2,88.9,33.63,174.5
5942,817.3,91.3,34.1,170.3
5943,579.1,88.7,441.92,180.3
5944,845.3,223.5,1686.39,302.1
5945,906.0,370.2,2413.02,431.7
5946,847.9,393.0,1411.46,390.4
5947,574.5,402.8,347.86,312.6
5948,569.5,396.5,33.37,320.8
5949,1205.0,536.5,30.18,286.0
5950,568.8,489.7,27.56,246.6
5951,1207.5,470.1,25.61,254.2
5952,522.2,480.8,25.04,181.7
5953,1043.2,471.8,24.91,214.6
5954,601.0,484.1,24.9,214.7
5955,1032.2,465.2,25.04,241.5
5956,551.2,457.3,26.0,302.1
5957,1367.8,259.7,26.33,288.6
5958,1231.2,179.6,25.87,220.4
5959,1044.3,156.1,26.21,156.0
5960,574.1,102.2,26.19,130.6
5961,1208.6,77.9,26.78,127.5
5962,562.6,80.9,27.79,135.4
5963,1030.6,81.2,28.25,141.1
5964,1277.3,85.9,29.66,153.7
5965,1221.8,103.6,30.4,148.9
5966,1430.9,84.5,32.43,150.5
5967,1357.6,78.7,33.94,178.2
5968,629.0,201.9,38.3,272.5
5969,918.1,278.1,116.78,406.9
5970,1236.8,419.7,40.57,426.9
5971,920.5,405.7,38.58,323.2
5972,1028.9,284.7,33.74,361.4
5973,577.9,387.6,31.42,360.5
5974,1244.8,414.1,28.58,389.8
5975,524.3,420.7,27.17,367.5
5976,1366.2,267.0,26.36,327.3
5977,1351.4,361.5,26.31,356.7
5978,1294.8,332.2,26.31,390.0
5979,548.0,339.8,26.36,383.3
5980,1324.6,396.7,27.52,398.5
5981,554.6,315.0,27.76,315.6
5982,1369.5,128.5,26.14,172.0
5983,558.8,96.5,25.41,124.9
5984,1377.5,96.6,26.16,131.6
5985,544.1,91.7,26.49,132.1
5986,1352.8,105.9,27.45,142.3
5987,1160.5,73.3,28.87,155.3
5988,1294.5,79.6,29.45,167.0
5989,541.7,85.6,29.47,159.4
5990,581.6,94.5,30.63,162.7
5991,625.9,89.4,33.52,205.4
5992,1258.8,206.7,36.44,321.2
5993,903.5,346.8,239.04,465.2
5994,815.1,429.6,38.6,413.5
5995,596.5,355.1,35.33,340.0
5996,1182.0,361.4,33.33,296.2
5997,1421.7,480.1,30.82,238.9
5998,528.0,458.4,28.06,233.9
5999,1225.8,530.1,26.02,217.7
6000,1204.8,515.8,24.07,79.5
6001,474.5,509.6,23.12,73.6
6002,1149.2,519.0,22.48,70.1
6003,1201.1,428.9,21.92,76.3
6004,1245.6,338.5,22.85,84.8
6005,1162.9,456.7,23.67,87.0
6006,486.7,367.3,23.17,77.7
6007,481.0,221.8,23.09,69.2
6008,535.4,202.3,24.27,49.6
6009,1258.0,211.5,25.68,102.4
6010,1208.6,213.3,26.55,101.4
6011,1222.3,261.0,27.68,98.5
6012,538.3,188.8,27.59,91.2
6013,1060.6,179.8,26.55,89.3
6014,539.0,168.2,27.68,80.1
6015,538.7,153.6,27.66,78.1
6016,529.8,273.6,25.42,69.6
6017,1046.7,425.0,59.43,107.6
6018,1046.2,324.4,30.23,89.8
6019,536.7,283.5,27.1,95.7
6020,554.7,298.7,26.29,45.2
6021,528.3,420.3,24.01,10.9
6022,470.0,425.8,20.82,7.3
6023,9.9,186.5,8.64,8.5
6024,9.9,296.1,8.58,1.3
6025,465.7,302.1,8.81,1.0
6026,9.9,263.2,8.78,0.7
6027,10.0,299.5,8.81,1.0
6028,466.3,395.4,10.27,2.1
6029,466.8,245.2,10.18,1.3
6030,9.9,127.3,8.63,0.8
6031,9.9,73.4,8.71,1.1
6032,469.9,33.5,10.4,4.0
6033,470.5,74.5,10.18,1.2
6034,10.0,60.2,8.87,0.5
6035,10.1,65.3,8.91,0.5
6036,10.1,67.9,8.92,0.5
6037,10.1,44.0,8.91,0.5
6038,10.1,83.4,8.94,0.6
6039,470.8,123.6,20.81,4.3
6040,535.2,203.9,25.44,83.6
6041,1196.8,305.1,32.76,94.9
6042,1116.6,256.1,39.71,96.6
6043,1350.4,207.7,29.31,96.1
6044,1233.2,258.9,27.6,90.3
6045,1178.2,488.0,26.43,87.3
6046,518.7,337.1,24.55,47.9
6047,1143.6,314.5,21.28,46.4
6048,464.5,232.3,20.17,46.5
6049,9.8,320.2,8.37,46.9
6050,9.7,245.9,8.27,47.1
6051,9.7,309.9,8.28,51.5
6052,9.8,280.1,8.36,68.4
6053,9.8,155.1,8.39,81.5
6054,0.0,87.1,1.39,54.2
6055,0.0,73.8,0.01,50.7
6056,0.0,77.2,1.41,43.1
6057,9.8,34.5,1.91,34.4
6058,9.8,36.7,8.44,34.7
6059,9.9,42.2,10.56,35.3
6060,468.4,45.5,17.77,37.1
6061,477.9,31.2,18.54,31.5
6062,478.0,32.2,20.64,31.9
6063,531.9,74.9,23.89,33.5
6064,554.2,56.3,27.74,109.8
6065,1234.1,419.2,35.77,334.7
6066,822.6,403.7,59.28,384.7
6067,493.6,385.7,31.43,344.6
6068,649.6,349.2,28.31,220.2
6069,1238.9,363.6,27.14,152.3
6070,1263.6,237.1,25.78,155.7
6071,531.9,218.6,22.94,72.3
6072,1194.9,237.9,21.25,75.4
6073,473.1,240.8,21.0,76.2
6074,473.3,299.7,20.82,61.6
6075,533.2,411.7,22.04,51.1
6076,484.0,372.2,23.98,51.0
6077,1208.8,167.0,21.98,44.7
6078,9.8,63.3,7.99,32.6
6079,0.0,34.6,0.01,28.4
6080,9.9,36.5,8.28,28.9
6081,9.9,39.0,8.25,27.7
6082,9.9,39.6,8.3,27.9
6083,9.9,42.8,8.55,27.5
6084,9.9,46.2,8.27,27.2
6085,9.9,40.8,8.27,27.2
6086,9.9,63.6,8.27,27.2
6087,9.9,35.6,8.27,27.3
6088,566.4,147.4,27.53,61.9
6089,971.5,295.0,35.04,83.3
6090,573.4,272.7,30.89,80.1
6091,565.1,261.5,28.57,83.6
6092,542.5,248.2,27.11,84.5
6093,580.1,335.5,24.84,0.8
6094,1241.2,391.8,22.87,6.1
6095,10.0,316.0,8.89,0.7
6096,9.8,301.2,8.38,0.7
6097,610.3,397.6,8.37,0.7
6098,9.7,362.3,8.38,0.7
6099,9.9,413.2,8.42,0.7
6100,9.9,349.5,8.52,7.7
6101,10.0,207.2,8.65,7.5
6102,9.8,66.7,6.41,0.4
6103,0.0,47.6,0.01,0.4
6104,9.9,31.8,8.11,1.1
6105,9.9,39.2,8.43,0.8
6106,9.9,34.1,8.56,0.7
6107,10.2,40.3,8.69,0.7
6108,497.8,34.0,17.84,0.7
6109,549.9,32.0,18.98,0.6
6110,476.9,31.3,20.63,0.6
6111,1221.6,45.9,21.55,0.5
6112,1195.8,198.0,28.21,1.1
6113,945.2,321.6,31.04,27.0
6114,1265.1,356.7,23.55,23.7
6115,491.1,327.4,21.98,25.2
6116,481.6,271.9,21.29,14.7
6117,10.0,294.5,8.69,12.0
6118,0.0,192.4,1.6,10.7
6119,0.0,214.6,0.01,12.9
6120,0.0,256.4,0.01,10.9
6121,0.0,213.3,0.01,9.9
6122,0.0,191.1,0.01,11.5
6123,0.0,193.0,0.01,13.2
6124,0.0,152.6,1.54,13.4
6125,10.0,253.8,8.56,9.7
6126,10.0,157.9,8.57,0.4
6127,471.7,84.9,16.33,0.5
6128,483.5,43.8,21.33,0.1
6129,1218.0,42.5,21.55,0.1
6130,1195.0,31.2,23.14,4.5
6131,495.2,33.1,23.82,19.5
6132,482.3,31.1,24.89,25.8
6133,1232.2,99.2,25.31,33.4
6134,488.9,83.5,26.36,147.5
6135,563.2,252.2,28.75,191.3
6136,1242.8,299.0,42.17,208.9
6137,926.5,398.3,73.59,256.2
6138,1278.6,271.4,33.75,231.2
6139,1180.9,190.9,28.22,258.7
6140,1341.5,257.1,25.77,242.0
6141,1182.2,193.6,23.24,176.6
6142,1153.9,277.9,21.72,163.5
6143,480.4,206.2,21.14,179.4
6144,479.5,211.4,21.1,188.2
6145,475.2,329.3,21.11,199.3
6146,479.0,408.2,21.12,203.9
6147,476.2,452.7,21.16,205.6
6148,1244.0,372.9,23.1,211.1
6149,1154.5,358.1,23.69,213.0
6150,1162.7,145.3,21.73,197.2
6151,486.5,264.1,21.41,125.1
6152,533.4,223.3,21.45,114.8
6153,483.9,123.0,21.63,97.4
6154,1263.0,57.0,23.34,94.8
6155,1165.5,48.0,24.13,90.8
6156,492.4,51.9,25.1,94.1
6157,1422.7,41.4,25.88,140.8
6158,1201.8,55.7,26.73,162.1
6159,1028.2,163.9,27.81,177.0
6160,552.4,113.7,31.49,217.7
6161,918.1,308.6,64.58,332.6
6162,884.4,282.1,36.94,375.3
6163,1206.9,352.4,33.33,335.3
6164,1038.5,265.1,29.47,309.1
6165,522.8,324.2,27.91,286.8
6166,531.4,398.8,25.76,243.9
6167,526.6,285.6,23.86,175.1
6168,1140.9,281.6,23.14,171.3
6169,470.0,291.2,23.04,169.6
6170,1147.1,263.2,23.04,168.0
6171,1190.2,305.0,23.46,167.6
6172,1212.8,446.2,24.95,202.8
6173,494.8,297.0,25.34,259.4
6174,1284.3,146.2,23.4,75.8
6175,485.5,41.9,22.98,62.9
6176,1276.1,48.0,23.37,56.5
6177,1190.6,43.6,23.48,60.3
6178,497.0,45.1,24.32,59.9
6179,483.1,43.5,24.73,60.5
6180,1038.1,32.1,25.34,91.0
6181,582.8,32.3,25.57,100.3
6182,742.8,31.6,26.29,102.0
6183,1214.1,37.3,27.79,115.1
6184,565.4,92.7,33.57,187.0
6185,912.0,293.0,68.17,326.5
6186,1210.8,273.6,34.51,321.2
6187,1327.1,264.5,30.73,321.9
6188,1214.8,269.2,29.07,289.8
6189,1230.2,398.2,28.1,240.9
6190,1168.3,459.3,27.17,143.3
6191,1257.3,468.1,26.1,120.3
6192,475.3,449.7,24.62,81.0
6193,488.1,464.4,23.93,77.5
6194,486.7,463.2,23.72,76.1
6195,1253.4,469.3,23.77,74.4
6196,1022.9,454.5,24.08,74.9
6197,1236.5,263.8,21.43,76.2
6198,9.7,47.5,8.57,51.4
6199,9.8,65.2,8.22,42.8
6200,9.8,74.6,8.4,42.0
6201,472.2,72.6,17.75,43.2
6202,485.6,38.1,20.7,44.4
6203,1203.5,38.0,20.99,46.0
6204,1209.0,37.9,21.24,45.4
6205,478.7,38.0,21.24,44.2
6206,1154.4,37.6,22.62,43.7
6207,1279.0,31.2,23.87,44.3
6208,1207.2,121.6,27.74,95.0
6209,1236.6,299.7,63.99,112.5
6210,1036.7,329.0,67.51,105.4
6211,1035.6,274.6,29.85,97.2
6212,1133.8,281.2,27.97,91.0
6213,1199.2,326.8,26.22,90.6
6214,518.5,406.9,24.88,79.4
6215,566.5,412.6,23.74,56.0
6216,472.5,403.7,22.61,57.0
6217,472.0,412.3,21.11,57.4
6218,522.5,428.5,21.02,57.7
6219,471.9,425.5,21.01,57.9
6220,472.8,404.3,21.21,59.1
6221,473.1,350.7,21.3,59.9
6222,462.9,45.2,17.54,51.5
6223,9.9,74.1,8.61,46.4
6224,466.9,73.4,16.93,42.9
6225,1041.7,47.1,19.51,43.6
6226,1152.2,38.0,21.17,43.2
6227,1153.3,38.7,21.71,47.7
6228,1246.5,42.2,21.92,52.8
6229,487.3,48.7,22.46,55.8
6230,543.4,46.5,23.94,57.1
6231,532.1,41.4,25.92,117.4
6232,1269.1,193.9,29.0,180.3
6233,528.4,385.4,34.59,242.0
6234,1038.6,403.4,62.75,215.4
6235,733.6,371.9,30.29,207.8
6236,1012.3,393.7,28.2,202.9
6237,1295.1,448.3,26.5,179.8
6238,1026.4,445.4,23.97,109.9
6239,1167.5,358.5,22.62,108.1
6240,1178.8,356.9,22.24,110.9
6241,469.0,279.7,22.41,115.7
6242,1267.1,360.9,22.55,117.7
6243,1267.0,321.3,23.82,123.8
6244,1354.3,376.4,25.6,215.8
6245,483.3,416.9,26.35,214.6
6246,495.7,323.3,25.59,203.1
6247,1250.8,208.9,25.25,179.1
6248,1207.6,162.8,25.06,118.8
6249,1163.6,127.3,25.22,106.6
6250,494.3,177.2,25.26,113.1
6251,1306.5,160.0,25.51,138.9
6252,491.0,175.4,25.74,140.1
6253,532.1,220.1,26.6,148.5
6254,1027.5,278.0,27.88,143.8
6255,553.1,233.5,28.63,157.4
6256,1044.0,214.8,54.78,184.0
6257,1045.4,269.9,74.91,239.4
6258,1045.7,252.4,33.17,224.0
6259,1338.2,314.4,27.79,205.5
6260,1230.5,291.6,24.68,133.1
6261,1044.8,227.5,20.99,105.4
6262,10.0,292.8,8.65,101.1
6263,9.9,291.4,8.59,93.4
6264,9.9,287.1,8.53,92.5
6265,9.9,270.2,8.41,94.5
6266,9.9,272.2,8.57,95.4
6267,9.9,256.8,8.6,107.1
6268,1153.0,183.4,21.66,123.0
6269,569.2,222.2,23.72,120.5
6270,1249.1,34.4,22.04,69.1
6271,481.6,44.8,20.48,42.9
6272,473.1,42.5,20.63,39.8
6273,1052.2,62.7,19.85,59.4
6274,473.3,31.2,20.24,68.4
6275,1162.8,31.2,22.0,67.1
6276,1190.2,60.6,22.9,66.5
6277,1159.5,31.2,23.69,68.4
6278,1218.3,34.7,24.54,58.8
6279,1334.0,84.1,25.5,107.6
6280,1239.2,185.0,28.96,150.5
6281,825.3,408.5,63.75,266.4
6282,1396.4,429.1,37.15,242.5
6283,492.9,335.6,30.68,227.2
6284,1240.0,294.5,28.6,222.9
6285,531.3,364.4,26.67,130.6
6286,598.7,442.9,25.09,97.1
6287,523.5,454.4,23.72,0.9
6288,533.6,457.5,22.55,0.9
6289,538.2,397.9,21.48,1.0
6290,1193.6,405.8,21.17,0.9
6291,534.6,406.3,21.79,0.8
6292,1243.4,439.6,22.93,11.2
6293,579.3,392.7,23.03,16.9
6294,10.0,161.3,8.57,0.6
6295,0.0,84.0,1.5,0.7
6296,9.8,119.5,1.75,2.8
6297,0.0,88.3,0.01,3.2
6298,0.0,100.1,0.01,0.8
6299,0.0,79.8,0.0,0.3
6300,0.0,46.2,0.0,0.3
6301,0.0,75.6,0.01,0.4
6302,0.0,124.6,0.01,0.4
6303,0.0,128.7,1.53,0.5
6304,10.0,215.9,8.58,2.6
6305,475.4,194.7,10.33,5.2
6306,10.1,215.0,8.63,2.4
6307,10.1,247.8,8.6,1.3
6308,9.9,259.0,8.49,0.9
6309,0.0,184.8,1.54,0.7
6310,0.0,224.2,0.01,0.7
6311,0.0,242.2,0.01,0.8
6312,0.0,186.0,0.01,0.8
6313,0.0,153.3,0.01,0.9
6314,9.8,168.0,8.4,1.0
6315,611.2,377.4,8.94,1.3
6316,536.0,342.5,22.8,1.4
6317,528.9,258.3,22.94,2.4
6318,471.6,112.5,19.75,0.9
6319,470.9,77.0,19.44,0.7
6320,494.0,39.9,21.17,1.0
6321,1051.7,47.2,20.85,0.7
6322,1052.2,62.4,20.84,0.7
6323,479.6,62.7,20.85,0.7
6324,481.7,52.7,21.61,0.8
6325,1251.5,78.4,22.43,0.7
6326,530.9,42.7,24.05,5.0
6327,741.3,112.2,27.22,92.7
6328,558.1,268.6,33.55,112.1
6329,915.6,410.9,43.17,288.8
6330,843.5,413.0,38.38,285.1
6331,830.4,334.6,34.54,202.6
6332,524.0,368.5,30.99,221.1
6333,522.5,367.3,29.22,288.0
6334,1156.3,487.5,27.71,244.0
6335,1436.9,294.3,25.51,245.2
6336,1141.5,260.3,24.2,142.0
6337,482.3,418.4,23.05,125.5
6338,1145.1,282.4,22.74,136.0
6339,1147.3,190.1,23.07,119.7
6340,475.0,395.6,24.7,146.9
6341,554.1,421.0,24.13,137.9
6342,1157.8,252.3,21.95,86.3
6343,1209.6,97.2,21.77,87.6
6344,1160.9,35.5,22.21,55.1
6345,1161.5,75.4,21.82,53.0
6346,1161.6,83.1,21.8,53.7
6347,1210.1,60.8,21.74,59.8
6348,551.1,73.8,21.71,58.0
6349,530.4,60.0,21.58,53.0
6350,530.1,65.6,23.68,52.6
6351,1050.3,103.4,25.61,88.1
6352,528.9,182.5,29.13,107.4
6353,1213.1,346.2,34.98,157.6
6354,529.4,292.0,29.12,129.6
6355,1243.9,322.3,27.47,142.1
6356,1307.7,286.6,26.14,133.1
6357,1270.7,397.8,24.21,17.2
6358,597.9,357.2,24.29,12.4
6359,1035.6,419.6,24.35,13.2
6360,1140.1,371.7,23.83,12.5
6361,462.6,408.9,23.09,11.6
6362,55.7,423.8,21.62,11.0
6363,473.3,427.6,20.6,10.8
6364,9.9,333.0,8.51,11.1
6365,0.0,303.3,0.01,22.3
6366,0.0,79.0,0.01,9.9
6367,0.0,110.9,0.0,4.2
6368,0.0,41.0,0.0,3.7
6369,0.0,37.9,0.01,0.0
6370,0.0,36.7,0.01,0.0
6371,0.0,47.5,0.01,0.0
6372,9.8,41.6,8.37,0.9
6373,9.8,35.4,8.43,0.9
6374,9.8,61.4,8.44,0.6
6375,10.0,107.1,8.84,0.7
6376,624.4,155.3,26.82,96.0
6377,823.7,179.7,32.77,204.6
6378,529.8,215.4,27.85,195.8
6379,1148.8,260.9,24.24,83.7
6380,477.4,202.2,22.83,61.2
6381,1200.1,248.2,22.29,64.9
6382,1143.7,127.5,21.95,71.6
6383,1188.8,166.9,22.21,90.2
6384,472.0,204.0,21.25,136.7
6385,471.7,249.6,21.24,138.4
6386,1136.8,352.0,21.58,141.2
6387,1229.9,255.3,22.2,158.6
6388,530.7,200.4,22.81,159.0
6389,481.3,316.0,20.15,162.1
6390,0.0,73.3,0.01,79.6
6391,0.0,64.6,0.0,49.4
6392,0.0,51.9,0.01,51.4
6393,9.7,35.9,8.14,55.9
6394,9.9,36.6,8.49,46.8
6395,9.8,66.6,8.5,47.5
6396,9.9,60.7,8.48,43.8
6397,9.8,73.5,8.45,42.3
6398,476.4,34.5,17.78,38.6
6399,475.1,38.4,23.05,45.5
6400,1204.9,152.2,27.85,163.1
6401,824.4,402.5,58.37,215.7
6402,785.1,340.9,39.15,243.6
6403,779.9,254.3,29.49,243.1
6404,546.1,288.2,28.07,221.9
6405,1142.3,351.5,27.28,260.9
6406,567.8,368.8,25.77,205.4
6407,1264.1,369.3,23.07,88.8
6408,1233.1,416.8,21.16,79.7
6409,472.9,422.4,20.84,72.3
6410,473.3,419.0,20.72,69.0
6411,525.5,389.3,21.79,65.5
6412,1149.5,371.4,23.2,62.2
6413,1180.3,309.1,22.11,61.3
6414,0.0,62.9,1.6,44.1
6415,0.0,34.8,0.0,38.2
6416,0.0,35.1,1.59,38.6
6417,0.0,34.9,1.63,41.8
6418,473.1,31.2,17.22,33.1
6419,473.2,31.3,17.32,32.1
6420,487.6,31.9,18.09,31.3
6421,479.0,31.2,18.24,30.4
6422,480.8,31.3,20.29,29.0
6423,1196.8,74.3,23.46,36.1
6424,1226.4,126.0,26.24,85.9
6425,1172.5,265.9,30.95,112.4
6426,1226.2,196.4,25.32,122.6
6427,1196.8,253.0,23.95,96.7
6428,474.6,300.9,22.49,88.3
6429,477.1,323.5,20.86,90.1
6430,473.6,356.8,20.6,96.7
6431,1037.2,297.7,20.44,101.1
6432,1035.8,297.3,20.42,109.0
6433,477.3,372.2,20.6,120.5
6434,471.7,321.4,20.93,136.6
6435,1147.9,327.6,22.74,173.2
6436,485.0,279.8,24.8,169.2
6437,479.0,274.8,25.39,234.2
6438,486.1,59.8,21.37,80.5
6439,472.3,54.9,20.59,47.4
6440,474.3,60.8,20.61,47.6
6441,473.0,51.3,20.72,53.8
6442,474.8,47.4,20.85,56.9
6443,479.7,37.6,21.05,51.0
6444,495.3,31.4,21.82,49.5
6445,1162.6,31.5,22.08,47.9
6446,1198.3,40.1,23.23,47.9
6447,1227.4,83.6,27.38,129.1
6448,1031.9,173.6,28.82,221.1
6449,1205.3,241.7,35.87,321.6
6450,490.3,258.2,30.94,296.5
6451,1170.2,157.8,27.85,256.2
6452,1227.5,209.9,24.63,181.4
6453,1042.7,254.4,19.94,159.4
6454,9.9,305.3,8.89,165.0
6455,9.9,198.8,8.53,180.2
6456,9.9,193.4,8.52,181.3
6457,1035.5,313.6,19.75,170.0
6458,1035.8,193.8,20.67,200.0
6459,472.7,309.7,21.08,196.2
6460,466.5,297.8,23.99,220.9
6461,1201.0,195.0,24.74,228.0
6462,544.5,51.8,21.46,83.6
6463,1051.1,36.6,20.57,59.4
6464,487.8,37.5,20.93,56.0
6465,481.5,38.1,21.46,63.0
6466,1186.0,31.6,22.6,67.7
6467,1164.9,31.5,23.3,67.1
6468,479.0,31.7,24.59,64.6
6469,479.6,64.8,24.99,60.5
6470,1190.8,31.5,26.32,115.9
6471,1254.1,45.0,28.37,136.3
6472,1174.3,128.8,32.6,215.7
6473,627.0,311.1,37.42,336.4
6474,1274.7,275.1,29.74,311.8
6475,1022.8,275.5,28.74,299.3
6476,1222.4,352.0,27.49,296.4
6477,1354.1,232.8,25.37,295.5
6478,526.5,349.8,23.76,193.4
6479,1147.5,283.1,22.78,214.9
6480,1146.0,259.2,22.75,216.7
6481,1179.1,268.7,22.74,221.6
6482,1145.8,274.6,22.98,226.4
6483,1281.7,324.5,23.49,227.2
6484,478.8,293.4,26.15,322.5
6485,488.4,386.8,27.09,324.8
6486,487.1,195.1,24.47,93.6
6487,490.3,75.1,23.06,65.8
6488,1283.6,73.1,23.48,61.7
6489,480.8,97.8,24.06,69.7
6490,482.2,177.1,24.49,82.1
6491,1457.9,102.6,25.49,118.3
6492,1293.5,108.1,26.36,108.0
6493,741.2,101.3,26.45,103.4
6494,534.1,40.4,27.14,100.4
6495,532.6,39.8,29.46,155.2
6496,1209.5,301.1,34.82,235.9
6497,915.9,377.5,40.94,398.2
6498,1183.1,377.4,33.36,400.0
6499,1151.1,376.7,32.24,358.9
6500,1271.2,252.2,30.28,354.8
6501,638.6,267.2,28.75,363.0
6502,1394.6,239.3,27.25,366.3
6503,1316.3,330.2,26.31,334.8
6504,525.8,362.0,25.72,319.8
6505,559.0,425.0,25.61,316.1
6506,1180.5,447.1,25.93,325.5
6507,586.5,466.8,26.48,331.4
6508,1217.3,466.3,27.86,359.2
6509,1247.1,455.9,28.88,418.3
6510,1193.2,158.2,26.32,163.7
6511,482.1,39.2,25.32,105.6
6512,482.6,143.6,25.25,102.1
6513,1474.1,141.0,25.37,106.7
6514,537.6,107.0,25.69,114.4
6515,1224.8,86.9,26.24,112.4
6516,525.7,106.3,26.59,113.3
6517,525.2,70.0,26.63,111.9
6518,530.0,78.9,27.57,136.5
6519,643.2,73.9,29.26,161.4
6520,909.8,245.0,64.17,256.8
6521,1176.1,379.1,38.24,354.1
6522,1181.4,380.3,31.84,381.0
6523,642.3,312.9,30.43,324.7
6524,559.7,292.6,29.69,332.4
6525,647.4,457.3,28.54,347.9
6526,541.6,404.9,27.36,320.7
6527,526.1,444.7,26.51,314.7
6528,1341.2,436.9,25.39,289.2
6529,1431.6,451.1,24.84,272.9
6530,1020.4,453.0,24.76,233.0
6531,523.8,450.4,24.96,318.0
6532,566.8,458.1,25.61,312.4
6533,1345.9,379.2,25.77,291.0
6534,530.6,233.4,23.59,112.8
6535,1186.1,39.2,22.41,67.5
6536,1153.9,64.1,22.35,63.1
6537,1154.9,38.7,22.43,67.5
6538,486.7,38.8,22.92,73.1
6539,478.9,38.7,23.58,66.4
6540,1189.3,38.4,23.58,63.8
6541,1196.3,37.4,23.69,61.0
6542,580.0,38.8,24.32,61.6
6543,1005.6,36.5,26.72,130.9
6544,566.5,227.5,29.65,218.8
6545,561.4,358.7,37.24,285.4
6546,562.1,310.4,41.45,272.4
6547,490.6,341.2,30.34,261.9
6548,1173.7,342.0,28.86,259.2
6549,1000.6,368.1,27.71,254.9
6550,1145.1,432.4,26.8,258.1
6551,1163.8,457.3,23.33,244.3
6552,478.7,456.0,22.02,174.0
6553,515.5,455.0,21.61,185.3
6554,467.2,464.5,21.31,187.8
6555,1191.4,449.0,21.22,199.2
6556,1141.7,459.3,21.5,169.4
6557,1194.1,434.1,21.53,163.3
6558,477.1,105.1,20.19,117.1
6559,1036.9,51.7,19.25,56.9
6560,475.2,46.1,18.93,54.3
6561,476.3,51.6,20.25,49.9
6562,526.6,122.0,21.27,51.1
6563,473.6,147.4,21.31,47.2
6564,473.7,148.3,21.46,44.1
6565,1148.5,122.0,21.46,40.5
6566,1239.3,43.0,21.62,40.0
6567,545.5,40.8,25.6,121.1
6568,1270.2,231.6,28.35,222.1
6569,529.1,388.4,30.11,240.8
6570,544.2,405.2,31.07,308.9
6571,578.3,417.5,30.49,278.4
6572,1402.8,260.5,28.25,317.7
6573,1200.7,445.0,25.85,305.5
6574,1268.9,445.3,24.21,245.0
6575,1263.8,419.2,23.08,243.5
6576,1135.9,407.1,22.25,215.2
6577,528.9,440.8,21.97,106.0
6578,1165.0,416.5,21.69,80.8
6579,1139.3,273.6,21.86,76.3
6580,1199.6,328.9,21.89,65.3
6581,1207.3,381.7,22.27,55.8
6582,1206.5,154.2,22.02,56.6
6583,476.3,150.9,22.19,39.8
6584,1184.4,58.4,22.21,39.6
6585,526.0,112.2,22.22,39.4
6586,1211.4,120.7,21.97,41.3
6587,1211.0,119.3,21.98,40.3
6588,1211.7,157.7,21.98,39.7
6589,1198.2,128.3,22.21,38.7
6590,1161.6,84.7,22.33,39.2
6591,1250.0,215.5,25.21,81.5
6592,543.2,203.7,26.36,94.6
6593,552.5,320.5,31.63,115.1
6594,1254.3,366.3,26.27,112.3
6595,1374.9,353.2,25.97,101.7
6596,1178.6,401.8,24.89,102.5
6597,521.2,388.1,22.43,76.9
6598,526.4,331.0,21.6,65.9
6599,610.8,392.1,8.75,64.2
6600,9.9,404.1,8.74,64.3
6601,9.9,417.9,8.62,64.2
6602,9.9,415.5,8.5,65.6
6603,523.9,388.3,8.75,63.9
6604,1151.6,209.0,21.86,114.9
6605,651.8,389.6,25.61,214.7
6606,471.9,91.7,23.07,116.2
6607,473.6,108.6,22.27,37.3
6608,1185.0,86.2,22.32,33.0
6609,485.8,107.2,22.49,34.0
6610,1215.9,52.5,22.89,68.1
6611,557.9,47.3,23.18,65.6
6612,1161.1,48.2,23.6,65.2
6613,1185.1,33.0,23.95,60.8
6614,1245.7,32.9,25.29,62.6
6615,539.1,69.5,28.19,86.3
6616,822.5,250.3,35.84,197.1
6617,1188.6,440.2,44.14,331.1
6618,1189.0,425.8,51.14,307.8
6619,821.9,384.9,35.83,245.2
6620,567.8,371.7,30.09,149.1
6621,551.1,460.6,27.96,155.8
6622,552.8,438.4,25.9,169.2
6623,559.7,432.1,23.76,145.1
6624,489.3,372.6,22.54,145.0
6625,546.2,399.6,22.46,145.2
6626,1196.8,355.1,22.46,146.9
6627,1141.0,307.7,22.52,148.6
6628,487.3,384.2,24.43,127.3
6629,602.1,348.5,26.62,113.9
6630,493.4,142.8,23.59,103.3
6631,473.0,31.6,22.62,47.3
6632,488.1,74.8,22.55,43.7
6633,1164.1,64.7,22.65,40.1
6634,495.0,98.5,22.66,38.6
6635,1253.6,112.4,22.66,37.0
6636,526.9,119.8,22.66,37.9
6637,1216.5,67.4,22.45,37.5
6638,1216.1,54.6,22.63,37.9
6639,1185.8,127.5,24.81,75.0
6640,618.0,136.4,42.47,95.7
6641,833.5,304.0,56.29,104.1
6642,795.4,359.6,36.54,93.5
6643,617.1,371.2,27.52,88.7
6644,1236.7,310.3,26.65,92.9
6645,521.6,406.9,22.44,85.4
6646,476.2,430.2,20.91,16.3
6647,10.0,335.5,8.67,5.3
6648,9.8,317.2,8.4,1.5
6649,0.0,303.4,0.01,8.7
6650,0.0,294.8,0.01,13.2
6651,0.0,316.0,0.01,15.5
6652,0.0,204.5,0.01,17.4
6653,0.0,285.6,0.01,16.2
6654,0.0,66.4,0.01,10.6
6655,0.0,107.4,0.01,0.9
6656,10.1,46.4,8.63,1.0
6657,10.1,34.4,8.64,1.0
6658,10.0,31.3,8.64,1.0
6659,10.0,33.8,8.58,1.1
6660,9.9,32.7,8.42,0.9
6661,9.9,48.2,8.53,1.0
6662,481.5,31.2,9.65,1.2
6663,533.2,66.6,21.75,0.7
6664,849.3,138.8,29.69,85.2
6665,1196.5,391.8,37.17,82.1
6666,599.1,303.7,32.16,79.7
6667,534.4,255.4,27.61,87.6
6668,564.1,288.8,25.92,83.7
6669,558.2,389.0,25.17,81.4
6670,526.6,403.5,22.12,47.5
6671,469.3,398.1,21.2,47.7
6672,474.5,283.4,21.0,47.6
6673,488.9,411.0,20.98,47.2
6674,474.1,397.8,20.98,49.5
6675,1178.5,408.7,21.05,53.6
6676,532.6,347.2,22.62,100.0
6677,540.7,361.0,23.71,95.0
6678,474.6,57.0,22.03,45.6
6679,524.9,39.3,21.34,32.6
6680,525.2,33.2,21.36,32.3
6681,1160.3,34.8,21.57,32.1
6682,480.7,37.9,22.44,34.2
6683,495.7,65.2,22.53,36.0
6684,1213.1,83.9,22.71,65.8
6685,486.3,82.4,22.95,65.7
6686,561.0,113.6,24.21,71.3
6687,560.0,232.7,26.72,77.3
6688,828.3,293.3,52.77,86.5
6689,747.2,258.4,65.41,91.4
6690,570.0,293.4,29.84,85.0
6691,585.3,336.6,27.09,81.5
6692,1148.5,342.0,23.01,88.3
6693,10.1,263.2,8.54,49.6
6694,9.8,257.6,8.35,51.6
6695,0.0,201.4,1.32,54.2
6696,0.0,232.1,1.32,54.7
6697,0.0,230.9,1.32,53.7
6698,0.0,176.5,1.32,54.4
6699,0.0,213.3,1.32,53.2
6700,9.7,329.3,1.62,57.1
6701,475.1,175.2,9.72,60.9
6702,9.8,77.8,8.37,54.4
6703,9.8,52.0,9.08,52.9
6704,491.6,51.1,20.35,55.7
6705,484.8,32.1,21.21,61.3
6706,1153.1,31.8,21.49,80.9
6707,486.5,32.0,21.64,89.2
6708,486.4,68.6,21.89,100.8
6709,1151.9,83.6,22.08,79.2
6710,483.5,91.4,22.65,138.3
6711,1126.6,153.8,26.69,142.3
6712,869.8,289.1,28.8,216.6
6713,892.4,284.9,36.14,202.1
6714,555.5,238.5,36.26,207.0
6715,524.5,285.8,29.64,201.5
6716,1231.3,279.3,28.78,205.8
6717,1200.9,251.7,27.92,282.7
6718,607.9,273.3,27.18,292.4
6719,517.0,452.6,24.84,265.3
6720,534.7,458.1,23.94,288.6
6721,523.1,458.0,23.71,291.2
6722,547.4,461.2,23.51,264.2
6723,534.5,463.3,23.56,261.3
6724,557.7,463.1,23.95,256.6
6725,470.9,465.7,23.73,246.2
6726,481.7,231.7,21.44,71.4
6727,475.7,83.8,20.05,35.0
6728,467.5,73.9,19.93,34.5
6729,469.5,68.4,20.07,37.1
6730,520.6,90.4,20.1,38.4
6731,480.2,72.4,20.25,36.0
6732,1041.3,77.5,20.11,34.1
6733,1041.3,80.0,20.1,32.8
6734,1041.5,34.9,20.11,32.7
6735,546.4,146.5,23.62,76.6
6736,1261.5,133.3,27.53,140.6
6737,1147.3,244.2,34.5,134.4
6738,894.1,223.9,34.97,101.4
6739,526.7,309.5,28.74,83.5
6740,648.7,193.9,27.1,80.9
6741,1123.6,271.1,25.8,79.3
6742,536.8,406.4,24.06,78.2
6743,549.7,379.9,22.54,77.6
6744,517.5,403.4,22.17,42.1
6745,524.3,397.8,21.87,42.1
6746,532.4,402.0,21.39,42.1
6747,526.0,406.8,21.23,42.3
6748,1153.7,434.8,22.2,42.7
6749,1240.3,277.8,22.89,86.4
6750,10.0,158.0,8.63,0.5
6751,9.9,31.5,8.44,0.4
6752,10.1,49.5,8.62,1.2
6753,10.1,45.2,8.58,1.0
6754,10.0,33.3,8.61,0.4
6755,10.0,103.0,8.68,0.4
6756,10.0,103.3,8.69,2.0
6757,10.0,72.4,8.6,4.5
6758,10.0,55.5,8.57,4.7
6759,10.0,198.6,8.72,8.0
6760,1159.8,235.3,22.89,22.6
6761,1164.1,339.3,21.13,28.3
6762,482.7,248.2,12.23,12.9
6763,1209.3,339.1,10.13,0.8
6764,10.1,289.4,8.71,0.7
6765,9.9,323.8,8.51,0.7
6766,0.0,264.1,0.02,0.7
6767,0.0,141.1,0.01,0.6
6768,0.0,144.5,0.01,0.7
6769,0.0,158.5,0.01,0.7
6770,0.0,177.3,0.01,0.7
6771,0.0,216.9,0.01,0.7
6772,0.0,232.5,0.01,0.7
6773,9.9,202.4,3.82,2.2
6774,9.9,223.8,8.49,1.3
6775,10.0,140.1,8.53,1.3
6776,1210.3,156.4,10.16,2.5
6777,10.0,129.8,8.74,1.9
6778,10.1,174.0,8.59,0.6
6779,10.1,157.0,8.59,0.6
6780,10.0,159.5,8.59,0.6
6781,10.0,162.3,8.58,0.7
6782,10.0,172.8,8.58,0.7
6783,10.2,220.7,8.69,0.9
6784,481.3,203.4,20.93,47.7
6785,1160.5,195.8,19.19,73.6
6786,482.5,286.0,10.96,58.9
6787,480.8,204.7,9.13,51.4
6788,478.9,273.0,9.09,43.9
6789,10.0,265.4,8.85,44.6
6790,10.0,248.6,8.78,43.0
6791,474.5,287.9,8.98,43.0
6792,474.0,117.5,8.97,43.2
6793,473.8,205.7,8.93,44.7
6794,9.9,223.6,8.84,53.7
6795,9.9,196.0,8.67,48.4
6796,477.5,339.8,8.91,43.4
6797,556.0,226.7,22.23,46.2
6798,472.5,75.3,19.76,40.2
6799,477.5,37.5,19.16,32.7
6800,473.0,38.5,19.64,34.5
6801,495.6,35.6,19.81,38.7
6802,472.9,40.7,19.77,43.5
6803,477.8,53.8,19.7,41.4
6804,495.4,55.3,19.67,38.3
6805,480.8,55.4,18.93,37.4
6806,480.7,36.0,18.92,35.5
6807,536.1,50.2,24.27,76.2
6808,527.8,234.4,29.45,158.9
6809,915.5,246.3,57.46,141.1
6810,545.6,312.4,30.13,98.7
6811,550.8,237.1,27.77,89.5
6812,601.7,280.1,26.25,86.3
6813,543.9,300.9,24.13,79.7
6814,520.2,445.1,22.33,42.9
6815,473.1,441.7,20.43,0.7
6816,9.9,343.4,8.45,0.7
6817,0.0,237.6,0.01,2.7
6818,0.0,340.7,0.01,4.7
6819,0.0,395.9,0.01,8.2
6820,0.0,308.2,0.01,14.7
6821,0.0,193.6,0.01,13.3
6822,0.0,178.1,0.01,7.1
6823,0.0,137.5,0.01,0.8
6824,620.0,126.8,9.13,0.9
6825,619.9,125.5,9.12,0.7
6826,10.0,147.7,9.14,1.3
6827,10.0,142.1,8.96,0.6
6828,9.9,125.4,9.03,0.9
6829,9.8,127.8,8.68,1.0
6830,480.5,98.4,12.85,3.5
6831,545.2,145.9,25.01,117.3
6832,551.1,343.2,32.67,215.3
6833,1037.1,427.5,55.6,274.6
6834,1231.4,158.3,29.15,102.2
6835,481.3,214.7,21.14,57.9
6836,479.1,185.5,12.76,48.8
6837,10.1,292.0,8.68,6.4
6838,9.9,361.1,8.65,1.2
6839,9.9,290.9,8.52,1.0
6840,9.9,213.0,8.46,2.3
6841,0.0,184.8,0.01,9.8
6842,0.0,157.2,0.01,11.8
6843,0.0,176.8,0.01,16.4
6844,0.0,198.0,0.01,15.8
6845,10.0,132.1,9.02,12.8
6846,480.4,101.1,17.31,7.4
6847,480.8,51.2,17.22,0.9
6848,472.7,36.0,19.62,1.5
6849,472.6,32.2,19.94,1.4
6850,472.3,36.4,20.04,1.4
6851,472.1,41.9,20.02,1.4
6852,471.9,34.4,19.92,1.4
6853,471.4,32.6,19.47,29.8
6854,471.1,33.6,19.39,29.6
6855,546.0,69.3,24.45,66.9
6856,822.4,280.0,53.49,102.9
6857,1186.6,287.8,53.72,90.2
6858,1155.6,170.2,24.79,86.5
6859,479.6,113.3,17.44,42.6
6860,9.9,300.5,8.53,0.6
6861,9.8,235.0,8.05,0.6
6862,0.0,248.6,0.01,0.6
6863,0.0,337.0,0.01,0.7
6864,0.0,361.1,0.01,0.7
6865,0.0,350.5,0.01,0.7
6866,0.0,287.9,0.01,0.7
6867,0.0,364.0,0.01,0.7
6868,0.0,372.0,0.01,0.7
6869,9.8,252.2,7.85,0.8
6870,9.8,187.3,8.07,0.8
6871,9.8,142.1,6.6,0.7
6872,0.0,115.1,1.62,0.7
6873,9.8,151.3,8.54,0.9
6874,10.2,85.6,8.68,1.5
6875,10.0,94.0,8.7,2.1
6876,9.9,58.5,8.45,1.2
6877,9.8,37.5,7.6,0.9
6878,9.8,50.1,7.75,1.1
6879,10.0,48.2,8.87,1.2
6880,533.5,154.2,23.11,4.9
6881,1272.8,150.7,26.62,4.5
6882,1234.3,224.2,32.04,3.9
6883,533.0,265.7,23.13,2.8
6884,528.7,179.1,22.36,2.1
6885,527.0,184.8,21.09,5.0
6886,611.0,264.7,11.26,1.0
6887,9.8,155.0,8.62,1.0
6888,9.8,268.6,8.38,1.1
6889,0.0,377.2,1.66,0.9
6890,0.0,393.0,0.01,0.9
6891,0.0,387.2,0.01,0.8
6892,0.0,327.4,0.01,0.8
6893,0.0,273.9,0.01,0.8
6894,0.0,121.6,0.01,0.7
6895,0.0,113.8,0.01,0.6
6896,0.0,115.3,0.01,0.6
6897,0.0,101.2,0.01,0.5
6898,0.0,74.3,0.01,0.5
6899,0.0,95.4,0.01,0.5
6900,0.0,92.5,0.01,0.5
6901,0.0,80.5,0.01,0.5
6902,0.0,127.0,0.01,0.5
6903,0.0,161.3,0.01,0.5
6904,478.8,122.1,21.05,1.7
6905,1223.4,186.5,30.75,187.8
6906,1223.7,185.5,32.66,187.4
6907,650.6,266.3,25.43,169.9
6908,563.2,286.0,24.62,133.1
6909,535.8,345.7,23.12,144.6
6910,470.1,250.8,21.38,90.4
6911,482.6,300.6,21.1,122.1
6912,523.6,414.7,21.0,125.8
6913,477.7,392.1,21.0,126.9
6914,523.2,385.4,21.01,125.0
6915,489.6,382.2,21.16,118.3
6916,478.8,430.3,23.45,206.7
6917,559.3,293.9,25.62,174.9
6918,495.1,237.0,24.12,154.6
6919,477.3,86.7,21.63,56.5
6920,476.6,31.3,21.22,47.8
6921,476.7,35.6,21.81,45.6
6922,479.4,31.7,22.37,46.7
6923,1159.6,31.7,22.37,46.2
6924,480.2,32.6,22.22,44.7
6925,1193.8,32.6,22.16,43.3
6926,486.1,31.8,22.25,45.8
6927,1261.2,113.6,26.77,126.2
6928,873.4,444.4,55.28,200.9
6929,790.0,337.4,39.25,167.7
6930,579.6,291.4,31.56,98.3
6931,569.3,342.3,27.3,92.1
6932,574.5,279.1,26.92,93.8
6933,550.3,329.9,25.43,93.9
6934,546.2,438.2,23.33,90.8
6935,1146.8,456.5,21.99,0.9
6936,466.3,374.7,20.99,0.9
6937,472.0,398.5,20.26,0.9
6938,9.9,444.3,8.8,0.7
6939,9.8,194.5,8.4,0.7
6940,9.8,221.5,1.71,13.5
6941,9.9,348.1,1.67,14.7
6942,0.0,98.2,0.01,10.4
6943,0.0,96.9,0.01,6.7
6944,0.0,65.5,1.73,0.4
6945,9.8,97.0,2.54,2.1
6946,9.9,74.6,2.01,1.6
6947,9.9,44.9,1.76,0.1
6948,619.3,41.7,1.66,0.2
6949,0.0,33.8,1.63,0.4
6950,9.9,43.7,1.66,0.6
6951,10.0,70.2,8.59,3.9
6952,476.8,149.2,29.45,178.2
6953,1247.3,264.6,36.01,273.4
6954,553.3,234.2,30.42,276.9
6955,481.5,189.0,21.38,93.2
6956,479.1,190.5,19.21,51.9
6957,9.9,199.5,8.53,42.3
6958,0.0,166.5,0.01,0.7
6959,0.0,191.9,0.01,0.6
6960,0.0,126.6,0.01,0.6
6961,0.0,137.1,0.01,0.6
6962,0.0,162.6,0.01,0.6
6963,0.0,132.6,0.01,0.6
6964,0.0,139.0,0.01,0.6
6965,0.0,213.0,0.01,0.7
6966,0.0,162.9,0.01,0.7
6967,0.0,90.9,0.01,0.4
6968,0.0,92.5,0.01,0.4
6969,0.0,95.9,0.01,0.8
6970,0.0,41.7,1.55,0.9
6971,9.9,52.8,8.51,0.9
6972,10.0,69.4,8.59,0.6
6973,10.0,67.2,8.74,0.5
6974,480.8,48.5,19.42,14.0
6975,479.1,210.7,21.06,29.6
6976,489.2,218.1,23.27,25.9
6977,490.8,217.3,24.56,30.1
6978,488.6,263.1,23.21,30.5
6979,488.1,238.5,21.57,23.1
6980,591.7,306.4,25.4,4.3
6981,570.8,331.3,25.4,1.0
6982,482.5,340.7,21.24,1.3
6983,9.9,341.0,8.62,5.7
6984,0.0,127.5,0.01,15.8
6985,0.0,128.6,0.01,14.9
6986,0.0,128.3,0.01,12.7
6987,0.0,118.5,0.01,11.3
6988,0.0,140.9,0.01,10.7
6989,0.0,163.4,0.01,10.9
6990,10.0,222.8,8.52,15.1
6991,10.0,174.7,8.59,14.5
6992,10.0,158.0,8.83,14.3
6993,10.0,140.4,8.59,14.2
6994,10.0,133.9,8.58,13.8
6995,10.0,134.2,8.58,12.8
6996,10.0,119.3,8.59,14.0
6997,10.0,143.7,8.58,14.2
6998,10.0,121.5,8.58,14.3
6999,10.2,235.6,8.69,14.8
7000,485.2,296.3,21.3,26.2
7001,556.9,296.4,23.31,60.9
7002,489.5,351.9,21.56,58.5
7003,488.0,343.6,21.3,62.0
7004,482.7,338.3,21.19,58.6
7005,477.0,399.3,19.26,50.8
7006,475.4,464.2,18.08,48.9
7007,523.7,328.1,12.77,49.4
7008,474.0,310.3,12.76,52.0
7009,473.8,319.8,12.75,53.5
7010,473.9,422.5,17.69,53.8
7011,474.9,374.1,18.92,53.3
7012,484.2,392.9,21.06,50.6
7013,553.0,258.5,22.7,93.1
7014,487.7,357.0,21.4,50.6
7015,478.9,207.9,21.05,51.7
7016,481.1,214.3,21.06,52.6
7017,474.3,195.0,20.92,48.9
7018,480.8,187.4,18.23,45.6
7019,480.7,204.4,18.22,45.8
7020,480.5,166.0,10.67,47.0
7021,10.0,117.3,9.27,46.1
7022,10.1,183.0,10.66,49.3
7023,478.4,225.9,23.66,113.7
7024,1227.1,241.9,30.71,310.3
7025,789.5,342.5,38.45,303.2
7026,792.3,369.8,33.24,306.9
7027,549.1,306.3,28.46,211.6
7028,1259.1,336.7,27.58,210.0
7029,544.9,283.4,26.62,260.9
7030,518.6,413.4,25.58,240.9
7031,1197.2,435.0,24.36,256.0
7032,543.6,450.0,23.64,297.2
7033,535.2,459.1,23.57,277.7
7034,487.4,438.3,23.78,297.1
7035,558.1,438.6,23.95,313.4
7036,540.0,439.1,25.21,348.6
7037,519.2,445.2,25.89,310.3
7038,479.0,322.7,21.29,204.2
7039,1042.3,166.3,19.93,104.7
7040,1043.4,161.3,19.92,84.0
7041,1044.0,88.5,20.06,90.6
7042,491.8,73.7,19.93,82.1
7043,1043.5,34.1,19.87,60.7
7044,1043.3,39.7,19.76,60.1
7045,1042.8,104.1,19.5,62.2
7046,1042.8,99.7,19.3,62.3
7047,1239.3,166.2,24.64,147.4
7048,842.9,310.7,35.02,239.5
7049,812.4,253.1,40.84,137.5
7050,651.2,232.9,27.35,102.3
7051,539.9,202.6,25.34,98.9
7052,1202.8,317.2,25.04,94.5
7053,539.0,384.6,23.92,91.7
7054,549.6,418.7,22.55,95.3
7055,488.0,426.8,21.4,1.6
7056,1188.2,342.2,20.68,1.6
7057,472.1,403.2,18.81,1.7
7058,9.9,375.0,8.47,1.6
7059,9.8,423.2,8.34,1.6
7060,9.7,441.3,1.63,1.6
7061,0.0,292.5,0.01,1.7
7062,0.0,160.2,0.01,1.4
7063,0.0,80.7,0.0,0.4
7064,0.0,75.5,0.01,0.8
7065,0.0,106.9,1.65,0.8
7066,0.0,42.8,1.71,0.7
7067,9.7,40.2,1.81,0.6
7068,0.0,33.2,1.68,0.6
7069,0.0,31.6,1.68,0.8
7070,9.8,50.3,8.33,1.9
7071,542.8,104.0,24.12,3.5
7072,1217.9,195.7,40.72,10.9
7073,1249.4,326.4,39.27,7.8
7074,1047.9,151.1,12.77,2.5
7075,10.0,202.6,8.54,3.2
7076,9.9,181.2,8.42,1.4
7077,0.0,205.9,1.6,1.5
7078,0.0,166.0,1.6,1.3
7079,0.0,214.8,1.55,1.1
7080,0.0,258.3,1.55,1.3
7081,0.0,165.3,1.55,1.3
7082,0.0,148.1,1.55,1.0
7083,0.0,151.4,1.56,1.2
7084,9.9,127.1,8.69,3.0
7085,1206.1,127.3,22.01,7.8
7086,1208.1,65.8,22.11,15.0
7087,9.9,33.2,11.56,2.5
7088,531.1,31.1,21.43,1.3
7089,1212.3,34.6,22.64,96.6
7090,1163.2,36.7,23.06,172.7
7091,480.0,69.8,23.3,171.8
7092,479.0,69.0,23.31,201.9
7093,473.2,95.3,23.29,213.5
7094,495.4,38.6,23.66,202.1
7095,1246.9,217.4,27.44,204.3
7096,794.4,188.9,42.41,257.4
7097,1220.0,238.7,57.46,304.6
7098,1245.6,178.1,30.02,269.7
7099,525.2,173.9,26.53,233.5
7100,1158.5,201.5,23.48,234.6
7101,1152.0,233.8,21.93,159.8
7102,475.5,353.4,19.07,134.4
7103,9.9,332.0,8.48,129.4
7104,9.9,392.7,8.47,111.9
7105,9.9,392.3,8.47,112.0
7106,9.9,280.2,8.49,151.2
7107,9.9,280.8,8.51,162.8
7108,9.9,236.1,8.84,156.2
7109,1247.3,411.3,23.23,233.1
7110,1210.6,330.1,22.46,149.2
7111,476.7,106.5,21.51,138.8
7112,1213.5,171.0,22.35,143.1
7113,1163.1,221.6,22.68,209.9
7114,475.0,198.9,22.8,222.5
7115,1163.7,184.6,22.81,222.6
7116,1213.7,175.7,22.75,204.9
7117,473.3,179.7,22.64,171.0
7118,479.8,213.4,23.32,172.7
7119,543.7,215.1,26.4,183.5
7120,554.5,361.7,33.6,241.1
7121,1039.0,374.2,57.22,231.4
7122,550.6,269.9,27.41,218.9
7123,1286.8,274.7,24.78,203.1
7124,1156.5,265.0,22.67,197.5
7125,9.9,191.4,9.09,120.0
7126,9.9,185.8,8.69,113.3
7127,0.0,195.3,0.01,122.5
7128,0.0,182.4,0.01,110.0
7129,0.0,197.5,0.01,105.5
7130,0.0,197.3,0.01,99.5
7131,0.0,207.7,0.01,113.1
7132,9.9,188.3,8.66,127.0
7133,479.8,193.3,19.2,126.5
7134,525.3,182.4,19.23,116.5
7135,481.0,79.9,16.16,102.5
7136,482.2,42.6,21.33,113.2
7137,482.5,71.3,21.48,111.2
7138,482.6,61.2,21.49,104.5
7139,477.9,46.0,21.51,97.9
7140,478.1,38.7,21.47,96.0
7141,482.9,110.6,21.32,80.4
7142,1212.6,145.1,21.5,108.4
7143,1164.8,133.5,23.01,109.8
7144,1284.8,254.6,29.71,107.8
7145,1296.3,238.7,31.15,173.8
7146,490.9,217.6,22.05,59.5
7147,1053.0,166.8,21.63,5.5
7148,1048.6,175.1,20.78,8.5
7149,9.9,190.9,8.63,0.7
7150,0.0,194.8,0.01,0.7
7151,0.0,160.8,0.01,0.6
7152,0.0,170.6,0.01,0.7
7153,0.0,176.8,0.01,0.7
7154,0.0,137.7,0.01,0.6
7155,0.0,130.5,0.01,0.6
7156,0.0,110.5,0.01,0.6
7157,0.0,199.8,0.01,1.0
7158,10.0,231.9,8.52,0.8
7159,10.0,172.9,8.59,0.5
7160,10.1,182.8,8.6,0.5
7161,10.2,174.9,8.75,0.6
7162,10.3,114.5,8.78,0.6
7163,10.3,112.8,8.97,0.6
7164,1105.7,110.7,8.97,0.7
7165,1105.0,112.9,8.97,0.6
7166,1104.3,169.6,8.96,0.7
7167,10.3,245.4,8.96,1.1
7168,482.6,250.5,10.16,13.9
7169,1218.4,241.1,11.5,12.8
7170,482.8,266.9,8.96,12.7
7171,10.2,291.2,8.84,13.7
7172,10.0,305.0,8.71,13.3
7173,9.9,309.6,8.45,7.3
7174,9.8,336.8,6.23,9.4
7175,0.0,193.8,0.01,20.7
7176,0.0,244.1,0.01,19.1
7177,0.0,252.6,0.01,18.0
7178,0.0,195.7,0.01,17.9
7179,0.0,215.9,0.01,16.5
7180,9.8,264.6,8.38,19.0
7181,10.0,394.9,8.65,23.1
7182,10.0,224.2,8.5,14.8
7183,1050.1,33.5,20.84,7.4
7184,472.5,81.9,22.86,80.2
7185,487.1,83.9,22.83,103.6
7186,537.0,125.8,23.25,115.9
7187,472.3,100.8,23.3,115.3
7188,536.6,59.8,23.49,111.2
7189,1271.4,100.6,24.14,105.1
7190,592.4,159.4,25.05,122.7
7191,523.9,248.5,27.24,195.6
7192,797.3,279.6,58.36,260.4
7193,1273.1,258.5,49.87,231.1
7194,1246.0,296.5,29.07,213.3
7195,1263.1,241.2,27.94,202.2
7196,1259.4,224.4,27.13,253.2
7197,544.1,403.3,25.91,260.0
7198,489.5,408.2,23.52,229.2
7199,518.0,284.8,22.29,222.0
7200,487.7,304.0,22.34,245.7
7201,471.6,382.1,22.32,259.3
7202,545.7,419.0,22.32,274.6
7203,480.8,423.1,22.34,290.6
7204,489.5,414.8,22.88,307.0
7205,545.8,431.1,24.68,321.5
7206,543.2,323.1,23.99,208.9
7207,489.1,119.6,22.08,61.2
7208,1153.3,84.8,21.82,52.9
7209,486.8,32.4,21.83,57.4
7210,472.5,35.1,21.91,63.9
7211,1152.8,62.7,21.84,56.1
7212,1152.3,34.4,21.8,56.5
7213,1201.4,35.6,21.69,50.3
7214,485.6,33.9,22.21,47.9
7215,571.0,209.8,26.49,202.7
7216,1226.5,369.5,28.97,286.4
7217,809.5,417.1,58.57,346.4
7218,549.5,423.7,30.87,358.1
7219,1251.9,330.2,28.85,328.3
7220,1248.4,376.4,28.12,258.0
7221,1200.0,365.8,26.87,404.2
7222,576.1,447.5,25.3,361.1
7223,533.2,455.1,24.25,292.0
7224,538.9,427.8,23.59,296.5
7225,1261.4,429.7,23.18,286.9
7226,1252.0,436.2,23.17,282.1
7227,538.6,427.7,23.42,289.6
7228,1228.4,433.6,24.06,321.2
7229,1198.1,461.4,24.74,362.4
7230,489.4,222.1,22.77,189.9
7231,1038.9,39.5,19.73,58.5
7232,471.4,38.9,19.4,49.5
7233,1040.7,41.9,19.5,47.6
7234,1041.4,40.8,19.5,53.6
7235,1041.6,42.0,19.5,51.6
7236,1041.6,38.3,19.43,50.5
7237,10.1,92.1,11.24,49.2
7238,1041.9,101.2,19.01,51.3
7239,1204.9,113.5,22.65,164.1
7240,573.8,299.9,26.55,241.2
7241,1283.7,212.7,27.53,195.9
7242,1283.7,190.7,24.41,119.8
7243,479.6,286.6,21.22,84.9
7244,9.9,298.2,8.63,81.2
7245,0.0,231.9,1.59,88.5
7246,0.0,196.0,1.59,88.7
7247,0.0,206.2,0.01,85.8
7248,0.0,227.4,0.01,85.6
7249,0.0,229.4,0.01,85.2
7250,0.0,241.5,0.01,84.8
7251,0.0,267.5,0.01,85.0
7252,0.0,207.5,0.01,87.0
7253,480.5,249.4,12.5,81.8
7254,481.5,167.0,12.63,105.8
7255,10.2,41.0,10.33,54.7
7256,482.0,47.6,12.61,47.3
7257,482.0,40.6,12.61,60.8
7258,481.9,46.0,11.4,61.6
7259,481.9,46.4,11.39,58.5
7260,10.2,36.4,10.87,54.3
7261,10.2,35.0,10.61,48.3
7262,481.2,34.6,10.72,53.8
7263,1162.6,119.6,22.41,106.8
7264,1245.7,246.7,30.9,260.2
7265,902.4,362.0,33.43,155.3
7266,1304.7,248.6,24.67,130.6
7267,481.6,208.5,12.71,82.0
7268,10.0,300.5,8.71,83.6
7269,9.8,287.4,8.41,81.2
7270,9.8,251.6,8.31,93.5
7271,0.0,370.1,0.01,90.2
7272,0.0,329.8,0.01,89.2
7273,0.0,337.7,0.01,90.3
7274,0.0,351.2,0.01,93.9
7275,0.0,346.9,0.01,105.8
7276,10.0,352.3,8.54,97.1
7277,481.5,219.8,21.62,109.8
7278,1217.3,130.8,22.54,93.3
7279,10.0,165.8,8.74,62.8
7280,482.2,84.2,18.26,58.8
7281,477.7,76.3,21.26,55.9
7282,1197.3,65.0,21.76,54.1
7283,478.6,74.8,21.96,56.5
7284,478.5,71.4,21.8,55.3
7285,531.4,70.4,21.48,62.4
7286,526.2,67.6,22.06,66.2
7287,1251.1,138.2,26.18,171.5
7288,1357.2,349.8,30.36,195.4
7289,573.1,320.4,38.26,180.8
7290,564.1,400.4,33.27,185.4
7291,1338.3,200.1,26.74,200.4
7292,1218.9,350.4,25.11,172.3
7293,550.9,170.5,22.79,186.3
7294,1202.9,251.5,22.25,114.8
7295,490.1,310.1,22.07,111.2
7296,1146.4,336.8,22.31,113.9
7297,523.8,301.0,22.81,117.4
7298,547.4,368.3,23.19,115.5
7299,1236.6,358.7,24.49,195.5
7300,570.8,415.1,26.04,197.9
7301,1251.2,363.2,27.99,183.2
7302,589.0,301.7,26.2,172.9
7303,531.8,94.8,22.6,68.9
7304,1163.8,150.0,22.23,58.6
7305,492.3,38.4,22.66,58.5
7306,497.1,110.9,22.79,60.6
7307,497.1,100.1,22.63,59.9
7308,492.4,85.0,22.44,60.6
7309,487.5,110.0,22.08,48.5
7310,491.9,123.0,22.28,52.3
7311,1258.0,190.9,26.9,167.2
7312,471.9,338.1,32.75,210.8
7313,956.1,316.2,38.95,207.9
7314,584.3,302.0,32.04,200.7
7315,1270.8,405.3,29.03,184.4
7316,532.4,372.1,27.78,254.4
7317,475.8,420.8,26.21,215.2
7318,474.3,400.7,24.98,214.0
7319,519.4,401.6,23.93,162.6
7320,1207.6,401.8,23.84,119.9
7321,547.0,374.6,23.69,142.2
7322,1188.5,383.8,23.72,135.2
7323,1357.9,420.3,24.3,173.5
7324,1162.7,380.3,26.19,209.9
7325,1225.9,382.8,28.03,194.3
7326,1275.8,326.4,25.5,160.9
7327,490.5,105.1,21.71,79.9
7328,490.5,82.5,21.63,74.8
7329,481.7,120.4,22.01,80.8
7330,537.8,102.2,22.01,79.1
7331,531.0,109.1,22.0,75.7
7332,530.7,132.0,21.99,72.2
7333,530.1,120.1,21.97,76.6
7334,478.0,132.7,22.14,87.2
7335,478.9,213.1,26.47,186.0
7336,1229.1,316.6,29.65,232.3
7337,832.3,310.8,34.26,180.4
7338,590.5,366.7,27.31,190.0
7339,490.2,184.1,24.71,157.1
7340,1156.8,278.1,22.07,114.7
7341,0.0,262.8,0.01,114.6
7342,0.0,179.9,0.01,111.3
7343,0.0,295.3,0.01,118.0
7344,0.0,183.4,0.01,122.4
7345,0.0,169.4,0.01,126.3
7346,0.0,302.0,0.01,133.0
7347,0.0,295.3,0.01,139.2
7348,9.9,325.7,8.77,142.3
7349,1187.0,322.0,23.88,157.8
7350,1163.7,372.9,23.54,155.1
7351,555.1,92.9,21.8,70.4
7352,485.3,39.0,22.2,49.5
7353,490.3,31.3,22.19,53.5
7354,1211.4,31.3,22.19,61.1
7355,492.9,33.7,22.18,63.5
7356,486.6,70.8,21.88,57.8
7357,477.9,99.6,21.66,56.1
7358,485.9,75.1,22.26,72.8
7359,544.4,228.6,27.49,185.5
7360,1290.5,248.0,41.73,335.0
7361,1213.8,275.3,42.09,333.5
7362,1454.3,354.3,28.02,292.2
7363,549.5,382.0,27.21,343.0
7364,1356.5,353.9,26.74,336.5
7365,1351.4,289.8,25.74,288.0
7366,1189.9,303.6,23.96,260.5
7367,1265.7,374.1,23.2,199.3
7368,479.2,199.3,23.17,287.0
7369,474.9,299.8,23.13,301.6
7370,1263.7,362.9,23.17,310.0
7371,1256.1,433.8,23.52,234.2
7372,1234.2,451.7,24.93,318.2
7373,1459.4,468.3,26.3,334.1
7374,1243.9,379.1,23.1,303.1
7375,492.9,177.2,22.93,169.9
7376,522.7,47.0,22.95,116.6
7377,1247.2,77.2,22.9,112.1
7378,1243.6,46.3,22.95,104.9
7379,483.8,36.7,22.94,98.8
7380,527.4,87.9,22.93,90.2
7381,527.0,62.0,22.92,95.3
7382,1188.5,51.8,23.54,106.4
7383,1443.6,216.3,28.23,271.6
7384,1248.7,410.6,30.25,348.6
7385,566.5,403.9,37.38,363.7
7386,1271.2,424.3,31.99,357.2
7387,791.0,379.6,29.82,330.6
7388,1188.1,415.3,29.61,431.3
7389,1215.9,415.4,28.49,382.0
7390,645.7,459.9,27.47,379.4
7391,1240.1,470.0,26.17,339.1
7392,1254.2,472.7,25.64,336.4
7393,1253.1,473.4,25.6,326.9
7394,1156.1,472.2,25.96,322.3
7395,1353.5,474.3,26.27,316.6
7396,1150.9,476.4,26.52,315.8
7397,576.5,547.3,27.43,309.9
7398,547.4,449.4,24.4,344.7
7399,473.3,229.9,21.6,92.2
7400,597.9,224.5,20.42,70.4
7401,485.8,197.7,21.28,75.0
7402,485.9,187.3,21.38,82.6
7403,486.0,150.4,21.39,80.7
7404,533.1,109.5,21.38,74.3
7405,550.2,112.1,21.19,68.7
7406,1204.6,89.9,21.97,77.4
7407,1161.6,272.4,27.2,238.4
7408,1035.0,334.1,29.49,334.6
7409,1260.2,336.1,36.93,342.1
7410,580.4,390.4,31.97,336.1
7411,1255.6,315.7,29.69,321.6
7412,1248.4,281.1,28.97,325.7
7413,584.6,342.2,28.38,336.2
7414,531.0,461.1,27.27,306.1
7415,1347.4,400.3,26.13,303.9
7416,1205.4,423.0,24.71,307.2
7417,1146.6,376.2,23.56,233.2
7418,1215.1,411.1,23.56,230.2
7419,1355.4,413.6,24.48,308.6
7420,1211.5,464.4,25.91,315.9
7421,1205.9,441.1,27.18,307.1
7422,542.6,399.2,26.04,350.1
7423,533.2,124.3,23.53,100.1
7424,483.2,157.1,23.51,83.8
7425,1165.3,169.2,23.56,90.4
7426,1256.4,158.2,23.56,96.3
7427,526.7,74.6,23.55,99.8
7428,558.0,106.1,23.56,92.2
7429,1186.3,100.0,23.51,83.5
7430,482.6,112.9,25.03,149.9
7431,1040.5,199.4,29.49,255.1
7432,524.2,312.8,33.0,417.0
7433,836.2,332.3,61.62,404.9
7434,530.8,384.8,33.2,383.1
7435,1299.4,399.2,30.73,296.8
7436,617.2,367.6,29.8,271.1
7437,1255.2,355.9,28.61,252.7
7438,1016.0,377.3,27.44,229.1
7439,491.4,478.5,22.2,78.1
7440,538.6,342.5,20.14,95.0
7441,1177.3,442.8,25.25,135.5
7442,1174.4,464.5,25.13,126.1
7443,551.3,449.8,25.55,119.2
7444,1025.0,515.8,26.63,113.6
7445,650.7,445.8,27.07,111.8
7446,653.3,408.6,27.07,115.1
7447,554.9,241.4,23.99,71.5
7448,543.5,205.4,23.25,70.3
7449,543.6,206.7,23.24,71.3
7450,542.4,211.5,23.24,70.4
7451,476.8,215.5,23.23,68.8
7452,543.5,224.4,23.23,71.6
7453,526.0,229.8,23.23,74.0
7454,584.3,166.0,25.22,115.9
7455,1032.5,404.9,28.06,118.6
7456,1198.2,364.6,29.92,125.4
7457,790.5,348.1,42.99,127.4
7458,1038.7,335.4,29.14,127.5
7459,1020.7,414.8,28.62,124.7
7460,1039.0,361.1,28.27,123.1
7461,1137.3,517.9,27.09,122.1
7462,579.8,424.2,25.38,120.4
7463,1025.1,393.1,24.17,127.3
7464,1169.9,408.1,23.93,82.6
7465,470.5,282.8,23.78,86.1
7466,1269.9,304.2,23.91,101.7
7467,576.7,414.8,24.37,135.7
7468,1238.8,402.6,26.55,163.9
7469,1274.4,286.9,28.47,194.4
7470,1021.3,322.6,28.97,295.7
7471,654.4,143.2,25.67,206.4
7472,552.5,190.7,25.22,158.3
7473,562.0,204.1,25.26,141.4
7474,1185.3,142.2,25.7,167.0
7475,474.4,144.3,25.41,167.5
7476,1160.0,151.8,25.25,210.8
7477,492.3,159.7,25.19,184.8
7478,475.2,157.2,25.1,167.6
7479,1254.4,236.1,29.09,274.0
7480,840.6,385.0,64.8,324.2
7481,628.8,373.9,32.58,327.3
7482,641.0,401.7,31.83,282.3
7483,1041.8,362.7,29.11,199.5
7484,534.4,375.6,28.64,163.7
7485,1247.7,411.2,27.25,110.6
7486,1242.4,498.7,25.88,94.9
7487,544.6,542.3,24.3,96.9
7488,538.0,549.0,23.94,59.5
7489,1238.3,501.0,22.75,53.0
7490,1237.8,495.0,22.68,53.5
7491,1238.3,491.9,22.7,53.5
7492,540.4,496.3,23.97,53.0
7493,650.4,540.5,25.69,94.6
7494,491.6,365.7,25.91,98.1
7495,541.5,215.6,20.44,45.0
7496,536.8,187.2,20.04,38.1
7497,525.4,186.7,20.21,49.5
7498,1052.5,185.4,20.73,59.5
7499,481.4,181.8,20.72,61.1
7500,497.0,104.3,19.41,55.2
7501,479.7,138.4,18.35,61.8
7502,1050.9,168.4,20.45,65.0
7503,1141.7,136.1,28.2,205.9
7504,608.1,331.4,63.94,212.5
7505,817.5,394.7,64.36,115.0
7506,657.4,233.1,27.71,156.9
7507,548.5,210.5,25.04,47.3
7508,1159.5,159.7,22.91,3.3
7509,1032.7,335.6,18.09,1.9
7510,1028.5,195.2,17.88,1.8
7511,9.9,207.7,9.04,1.4
7512,1024.1,168.6,9.03,1.6
7513,9.9,152.1,9.02,1.6
7514,9.9,186.5,9.0,1.2
7515,9.9,192.2,9.02,1.2
7516,10.0,188.6,9.48,1.3
7517,478.2,192.8,22.41,13.4
7518,530.0,241.6,23.15,19.2
7519,1036.0,125.4,18.7,2.3
7520,524.8,86.2,20.31,1.2
7521,482.4,63.6,21.42,1.3
7522,482.3,70.6,21.41,1.3
7523,540.9,68.8,21.02,1.2
7524,524.5,74.2,20.29,1.2
7525,1050.2,96.9,19.81,1.1
7526,477.9,101.7,21.2,4.5
7527,1213.2,218.6,28.09,3.0
7528,1434.2,272.6,31.35,12.6
7529,534.8,276.8,32.68,5.3
7530,481.9,321.0,21.79,14.7
7531,10.0,284.0,9.06,0.8
7532,10.0,282.2,8.7,0.7
7533,9.9,303.3,8.54,0.8
7534,0.0,167.7,0.01,0.7
7535,0.0,195.6,0.01,0.7
7536,0.0,142.6,0.01,1.0
7537,0.0,128.8,0.01,1.0
7538,0.0,166.1,0.01,0.6
7539,0.0,149.6,0.01,0.7
7540,0.0,178.3,0.01,0.7
7541,0.0,161.7,0.01,0.9
7542,0.0,107.9,0.01,0.6
7543,0.0,52.4,0.01,0.5
7544,0.0,53.1,0.01,0.5
7545,0.0,66.6,0.01,0.7
7546,0.0,52.0,0.01,0.7
7547,0.0,72.5,0.01,0.7
7548,0.0,42.6,0.01,0.4
7549,0.0,76.0,0.01,0.3
7550,0.0,55.8,0.01,0.3
7551,0.0,140.3,0.01,0.5
7552,0.0,266.1,1.54,0.6
7553,617.9,224.1,8.71,0.9
7554,9.9,237.0,8.51,0.8
7555,0.0,243.0,1.54,0.8
7556,0.0,253.9,1.54,0.8
7557,0.0,194.4,0.01,0.6
7558,0.0,169.0,0.01,0.6
7559,0.0,211.9,0.01,0.2
7560,0.0,266.8,0.01,0.0
7561,0.0,308.6,0.01,0.0
7562,0.0,303.7,0.0,0.2
7563,0.0,309.0,0.0,0.1
7564,0.0,291.1,0.0,0.1
7565,0.0,271.0,0.0,0.6
7566,0.0,241.6,0.0,0.3
7567,0.0,134.3,0.0,0.0
7568,0.0,130.4,0.0,0.0
7569,0.0,90.6,0.0,0.5
7570,0.0,133.5,0.0,0.5
7571,0.0,107.8,0.0,0.6
7572,0.0,84.1,0.0,0.7
7573,0.0,113.2,0.0,0.5
7574,0.0,177.3,0.01,0.6
7575,9.9,163.8,8.51,0.6
7576,488.1,251.6,21.65,29.0
7577,530.8,369.1,34.98,34.9
7578,1231.2,379.7,27.36,33.8
7579,1229.4,321.8,26.93,28.2
7580,1216.7,289.7,26.78,10.4
7581,1207.5,298.8,24.89,1.3
7582,489.2,380.7,22.81,0.8
7583,1194.1,335.4,21.3,1.3
7584,468.2,317.5,21.02,1.4
7585,1175.2,318.8,20.92,1.3
7586,484.9,353.0,21.02,1.1
7587,1207.8,356.2,21.13,0.9
7588,1226.3,377.8,21.77,0.9
7589,478.8,368.8,24.82,2.6
7590,490.8,300.9,24.99,19.9
7591,480.8,245.6,17.13,13.8
7592,10.1,205.6,8.59,13.1
7593,481.6,180.5,8.6,12.9
7594,481.9,143.5,8.6,12.4
7595,10.1,142.6,8.6,12.1
7596,482.0,150.6,8.61,12.1
7597,10.1,147.0,8.61,12.3
7598,10.1,118.5,8.62,12.5
7599,1213.1,396.2,22.24,27.8
7600,1148.8,397.3,28.42,138.0
7601,1209.0,381.6,56.79,142.2
7602,591.4,376.2,29.51,183.1
7603,1246.5,281.7,28.43,172.9
7604,1143.3,322.5,27.92,201.7
7605,1210.3,394.4,26.63,216.1
7606,548.5,407.3,24.61,245.1
7607,1225.0,417.5,24.01,206.1
7608,1219.2,419.7,24.07,271.8
7609,470.9,439.4,24.16,259.5
7610,470.8,440.9,24.15,239.2
7611,1201.4,439.4,24.57,255.4
7612,1159.4,422.4,26.61,220.1
7613,532.2,378.1,28.29,258.3
7614,471.5,312.0,28.66,234.4
7615,483.0,138.9,24.21,70.3
7616,1165.6,54.3,23.35,55.0
7617,1191.2,89.4,23.76,57.3
7618,526.8,59.4,24.28,88.8
7619,526.7,62.4,24.27,99.8
7620,1277.1,77.0,24.11,70.6
7621,1276.7,46.5,23.89,68.9
7622,1287.9,43.8,24.25,118.3
7623,1177.4,296.2,28.62,191.4
7624,641.0,354.5,31.16,191.8
7625,1187.5,385.0,37.06,143.9
7626,1300.2,386.8,30.47,131.6
7627,1055.5,424.6,29.28,125.3
7628,1200.1,438.1,28.95,122.5
7629,1152.9,438.7,26.98,117.0
7630,546.8,413.6,24.47,119.3
7631,538.2,448.4,23.34,84.2
7632,551.2,453.3,22.88,83.6
7633,550.7,440.1,22.85,81.6
7634,489.9,442.7,22.84,91.8
7635,1269.2,279.1,24.0,160.0
7636,1014.1,489.9,27.27,186.9
7637,1047.0,266.2,28.88,230.5
7638,1171.1,326.6,29.95,242.8
7639,551.5,153.9,26.24,145.6
7640,551.2,114.2,24.82,122.1
7641,1213.9,91.6,25.25,147.5
7642,540.5,169.9,25.39,147.7
7643,1251.9,90.0,25.4,143.3
7644,481.6,37.3,24.88,138.8
7645,1184.4,31.9,24.71,127.3
7646,1051.7,155.2,25.75,138.4
7647,794.7,328.8,29.18,215.9
7648,552.0,325.2,60.13,158.1
7649,553.5,319.3,66.0,114.5
7650,1450.3,368.1,29.7,113.2
7651,1284.9,387.9,29.04,110.8
7652,1018.8,411.4,28.56,107.7
7653,651.4,573.2,25.57,109.2
7654,546.3,304.8,24.24,114.8
7655,1241.8,426.8,22.89,75.5
7656,1239.8,423.0,22.76,78.1
7657,524.4,432.2,22.74,76.8
7658,524.1,425.6,22.7,75.3
7659,524.5,395.1,22.75,74.9
7660,551.6,535.6,22.89,73.4
7661,581.2,430.0,25.44,108.3
7662,1038.4,392.3,28.48,123.3
7663,1250.7,192.0,25.56,92.4
7664,550.7,136.4,24.67,87.0
7665,551.7,43.6,25.56,134.1
7666,494.3,178.6,25.9,151.5
7667,553.7,182.6,25.62,149.6
7668,1249.9,185.9,25.28,133.6
7669,553.1,31.5,24.99,115.9
7670,558.4,53.9,25.72,132.7
7671,810.3,325.4,30.23,232.1
7672,1287.3,433.4,35.83,272.2
7673,792.6,391.8,37.56,220.9
7674,628.6,354.7,34.22,220.1
7675,1258.1,431.4,31.32,202.6
7676,820.7,402.6,30.67,208.8
7677,1286.4,435.2,29.72,208.8
7678,1249.5,435.0,28.35,216.3
7679,549.7,422.5,27.41,229.6
7680,548.8,432.5,27.26,250.7
7681,1211.6,425.0,27.32,247.0
7682,1017.8,435.4,27.52,256.6
7683,1025.9,461.1,28.08,288.6
7684,1263.3,429.2,29.19,293.8
7685,533.0,443.1,66.55,295.2
7686,1055.3,322.2,33.82,298.6
7687,555.0,217.8,28.38,162.8
7688,525.5,65.8,24.06,70.9
7689,480.5,53.0,24.05,76.0
7690,476.1,33.6,24.2,131.3
7691,1296.5,47.0,24.25,153.3
7692,1161.0,85.5,23.39,85.9
7693,1211.9,98.5,22.4,79.9
7694,555.2,64.5,23.26,93.0
7695,1138.3,232.1,28.0,233.8
7696,1326.6,343.2,59.41,252.4
7697,537.8,309.1,36.14,178.3
7698,1031.7,319.4,28.8,130.5
7699,1010.9,301.4,28.3,105.0
7700,1205.4,349.5,28.03,102.8
7701,1180.3,365.5,27.44,99.4
7702,1172.3,552.4,25.46,96.7
7703,519.1,468.0,23.92,68.5
7704,1236.4,443.3,22.66,51.5
7705,1196.6,447.7,22.02,51.4
7706,1196.1,447.8,22.0,50.8
7707,1234.7,447.0,22.26,49.7
7708,523.2,439.8,22.71,47.8
7709,1144.8,417.0,24.2,84.1
7710,1240.9,346.7,22.73,45.1
7711,476.6,127.6,9.92,38.8
7712,10.0,98.7,8.55,36.3
7713,10.0,78.8,8.82,34.8
7714,9.9,90.4,8.9,37.7
7715,9.9,76.8,8.82,37.7
7716,9.9,54.8,8.52,36.5
7717,10.1,75.2,8.45,34.5
7718,476.6,117.8,19.41,39.4
7719,1243.3,270.3,22.92,46.7
7720,1166.1,256.6,26.74,83.8
7721,1181.0,242.9,26.57,84.6
7722,1250.9,344.5,23.15,1.0
7723,1238.3,348.2,22.79,23.6
7724,478.4,270.5,19.44,11.5
7725,9.9,322.9,8.45,7.8
7726,0.0,242.4,0.01,12.1
7727,0.0,242.7,0.01,9.4
7728,0.0,323.0,0.01,6.7
7729,0.0,311.7,0.01,4.8
7730,9.8,327.0,8.32,0.7
7731,9.8,400.5,8.38,0.7
7732,472.8,285.5,11.89,0.7
7733,473.4,283.9,12.79,1.0
7734,475.1,300.0,21.89,1.0
7735,474.7,105.0,10.7,0.6
7736,10.1,71.0,8.42,0.6
7737,475.8,57.7,10.63,0.7
7738,476.1,38.3,12.6,3.6
7739,476.2,40.2,12.61,3.6
7740,10.1,83.6,10.89,2.8
7741,9.8,65.1,8.56,0.9
7742,10.1,90.6,10.98,0.5
7743,1242.2,403.3,22.97,0.8
7744,586.6,383.1,27.71,1.0
7745,1247.5,365.0,29.23,1.0
7746,673.2,376.9,27.9,1.0
7747,543.5,436.8,26.25,1.0
7748,1243.8,443.3,25.03,0.7
7749,1244.1,440.9,22.92,0.7
7750,469.3,404.1,21.05,0.7
7751,10.0,403.8,8.5,0.7
7752,9.9,409.5,8.45,0.7
7753,9.9,418.9,8.44,0.7
7754,9.8,429.9,8.44,0.7
7755,9.9,406.1,8.45,0.7
7756,10.0,403.9,8.47,0.7
7757,469.5,419.0,21.3,5.6
7758,1251.6,445.6,23.56,9.3
7759,1253.2,320.2,23.11,3.8
7760,1254.2,219.7,23.39,0.8
7761,480.9,102.6,24.51,103.0
7762,1215.9,132.8,25.09,147.4
7763,494.5,211.0,25.73,184.9
7764,1198.4,168.5,25.75,198.7
7765,1248.1,223.0,25.73,192.7
7766,1239.5,146.7,26.82,196.8
7767,1020.8,241.2,29.38,306.7
7768,527.6,403.2,33.06,291.7
7769,842.7,368.2,61.62,273.5
7770,616.0,211.4,29.88,270.6
7771,790.3,328.2,29.0,274.7
7772,1279.4,418.2,28.45,259.6
7773,1268.9,307.2,27.27,258.0
7774,578.9,220.8,25.27,276.3
7775,1259.5,273.7,24.34,283.1
7776,484.2,267.6,24.29,288.4
7777,541.2,285.3,24.26,293.5
7778,469.3,308.8,24.25,303.2
7779,545.1,324.2,25.17,309.5
7780,656.4,394.8,27.33,313.6
7781,1271.5,389.2,28.6,338.7
7782,1278.0,279.5,29.22,322.2
7783,1305.7,224.4,27.17,215.0
7784,1204.3,65.5,24.36,137.0
7785,1298.7,77.4,24.2,84.0
7786,1286.6,67.7,24.32,131.5
7787,558.3,36.2,24.35,156.2
7788,545.7,111.5,24.35,135.2
7789,1154.6,119.0,24.12,81.7
7790,485.7,73.2,24.73,136.0
7791,555.3,303.3,28.83,264.9
7792,692.8,361.2,32.52,313.7
7793,951.4,387.7,39.05,302.7
7794,693.0,320.2,32.44,286.6
7795,1326.3,339.7,29.74,281.0
7796,605.3,350.5,29.21,228.7
7797,1017.2,410.0,28.52,152.6
7798,1235.4,576.3,27.51,118.0
7799,587.6,538.4,25.85,103.4
7800,545.9,542.3,24.85,93.9
7801,575.7,555.5,24.23,95.6
7802,539.0,525.4,23.86,54.3
7803,538.1,524.2,23.87,52.5
7804,541.8,483.4,24.13,93.6
7805,1161.4,594.1,27.16,90.2
7806,652.0,438.5,27.22,93.7
7807,490.7,278.2,21.87,43.7
7808,480.9,224.6,20.61,40.7
7809,480.9,204.6,20.55,37.5
7810,481.0,218.8,20.55,39.7
7811,480.8,211.1,20.54,40.2
7812,536.3,213.1,19.76,37.9
7813,543.8,214.2,19.84,34.9
7814,479.8,233.5,20.5,35.6
7815,1247.5,415.6,25.51,85.8
7816,1213.6,429.9,27.87,82.5
7817,818.0,433.2,38.9,86.8
7818,1186.7,402.0,25.97,78.1
7819,584.1,355.8,25.67,85.2
7820,565.7,325.8,25.17,90.0
7821,540.7,404.9,23.82,47.2
7822,526.2,418.7,22.81,0.7
7823,1192.7,386.4,22.05,0.8
7824,466.3,310.1,20.82,0.8
7825,9.9,359.7,8.67,0.8
7826,9.9,335.5,8.45,0.7
7827,9.9,309.5,8.37,0.7
7828,9.8,317.1,8.41,0.7
7829,9.8,206.1,8.33,0.8
7830,9.7,168.5,8.31,0.8
7831,0.0,96.3,0.0,0.6
7832,0.0,49.2,0.0,0.5
7833,0.0,73.1,0.01,0.4
7834,0.0,87.7,0.01,2.0
7835,0.0,110.0,0.01,2.2
7836,0.0,144.9,0.0,0.5
7837,0.0,103.3,0.0,0.6
7838,0.0,139.6,0.0,0.5
7839,0.0,310.2,0.01,0.5
7840,0.0,187.8,0.01,0.8
7841,0.0,252.4,0.01,0.8
7842,0.0,240.9,0.01,0.9
7843,0.0,224.3,0.01,0.8
7844,0.0,259.0,0.01,0.6
7845,0.0,288.8,0.01,0.5
7846,0.0,285.0,0.0,0.5
7847,0.0,208.8,0.0,0.6
7848,0.0,260.6,0.0,0.6
7849,0.0,186.6,0.0,0.6
7850,0.0,101.9,0.0,0.7
7851,0.0,255.7,0.0,0.6
7852,0.0,199.9,0.0,0.6
7853,0.0,300.8,0.0,0.5
7854,0.0,290.5,0.01,0.9
7855,0.0,168.8,0.0,0.5
7856,0.0,66.1,0.0,0.4
7857,0.0,67.9,0.0,0.4
7858,0.0,86.5,0.0,0.4
7859,0.0,114.9,0.0,0.4
7860,0.0,90.2,0.01,0.4
7861,0.0,120.4,0.01,0.5
7862,0.0,116.3,0.01,0.5
7863,9.9,195.4,8.47,0.6
7864,1197.0,244.8,35.64,178.4
7865,1199.1,204.2,66.99,171.4
7866,1197.1,156.6,33.69,202.2
7867,1167.0,180.0,28.88,262.2
7868,1185.6,205.6,28.6,196.1
7869,1189.4,243.3,28.71,179.5
7870,1184.3,294.4,28.22,204.8
7871,1168.2,395.8,27.81,195.5
7872,522.7,319.5,26.86,207.0
7873,1260.7,406.1,26.35,206.0
7874,1192.9,383.4,26.28,208.6
7875,527.5,355.3,26.74,241.2
7876,575.9,437.1,27.16,247.3
7877,1209.7,415.9,28.14,238.7
7878,1234.9,429.3,25.23,241.4
7879,467.7,202.1,21.08,108.5
7880,539.1,196.3,21.09,71.1
7881,479.1,167.4,21.39,72.9
7882,541.4,169.4,21.39,66.8
7883,479.3,41.6,20.97,54.4
7884,533.3,108.5,20.52,57.1
7885,523.6,148.6,20.37,43.2
7886,537.1,127.2,20.91,52.6
7887,1314.2,319.8,27.72,132.3
7888,1206.5,396.7,28.48,109.2
7889,605.6,362.2,53.32,103.9
7890,1182.2,328.9,28.09,103.6
7891,1182.1,364.1,27.83,107.1
7892,552.6,432.6,24.72,101.6
7893,1246.0,439.8,23.02,62.4
7894,1198.0,424.1,21.94,61.2
7895,524.2,411.2,8.59,59.9
7896,9.9,401.1,8.35,61.1
7897,0.0,317.0,0.01,62.7
7898,0.0,332.8,0.01,63.0
7899,0.0,384.1,0.01,62.0
7900,0.0,357.3,0.01,60.2
7901,0.0,193.3,0.01,60.1
7902,0.0,193.3,0.01,60.5
7903,0.0,129.1,0.01,52.6
7904,1041.0,105.9,11.25,61.5
7905,474.1,150.4,21.89,99.8
7906,477.7,124.1,22.14,97.8
7907,478.9,130.4,22.44,89.2
7908,483.7,125.0,22.32,78.6
7909,533.9,111.0,22.03,72.5
7910,1177.1,48.2,23.13,95.4
7911,1016.0,299.7,28.71,281.6
7912,1324.7,344.9,30.14,245.0
7913,552.5,309.9,63.93,240.3
7914,638.7,315.0,33.76,238.0
7915,1254.5,302.8,28.89,239.8
7916,615.4,218.0,28.69,254.5
7917,1006.6,244.9,28.06,228.8
7918,648.0,337.0,25.8,265.0
7919,1284.4,272.0,24.17,268.5
7920,1182.0,302.2,23.85,218.7
7921,1147.5,237.0,23.65,216.2
7922,1147.5,217.3,23.61,226.2
7923,1148.5,380.1,23.63,223.5
7924,1185.5,443.8,23.98,232.6
7925,1244.2,400.1,25.88,307.0
7926,479.6,360.2,27.72,288.7
7927,1200.0,112.5,23.99,139.7
7928,1200.9,101.5,23.87,88.6
7929,1167.4,87.3,23.72,85.6
7930,1202.1,91.0,23.9,91.4
7931,540.4,152.9,23.92,101.4
7932,1167.7,68.4,23.89,80.8
7933,1201.7,117.3,23.6,72.5
7934,1253.1,49.9,25.77,153.8
7935,1361.1,332.2,30.67,289.1
7936,475.3,267.0,32.63,319.5
7937,700.1,264.4,63.15,315.7
7938,530.4,263.3,32.0,305.7
7939,529.1,248.1,31.53,298.3
7940,1237.6,270.7,30.91,275.0
7941,616.7,290.6,28.78,287.0
7942,567.1,353.8,26.85,252.4
7943,1446.6,411.8,25.91,260.7
7944,1026.0,426.9,25.46,253.0
7945,551.4,372.6,25.42,229.8
7946,1027.8,380.0,25.4,211.7
7947,476.9,369.9,25.7,199.9
7948,1153.9,432.7,26.91,197.6
7949,576.9,463.7,29.78,197.4
7950,1023.3,416.3,30.8,219.5
7951,1036.9,254.8,28.7,156.0
7952,656.5,135.5,26.67,109.5
7953,1174.5,94.4,27.03,137.9
7954,547.3,115.1,27.68,159.2
7955,535.5,176.8,27.96,166.5
7956,1173.8,161.0,27.62,163.8
7957,480.6,154.5,27.26,170.2
7958,534.8,198.5,28.04,192.3
7959,824.4,194.9,31.03,275.8
7960,805.0,374.2,59.69,243.2
7961,1325.9,383.8,63.99,228.2
7962,815.6,367.8,32.73,224.7
7963,826.8,395.2,31.22,221.6
7964,805.1,411.5,30.19,226.1
7965,1274.9,426.5,29.0,227.9
7966,1223.0,437.9,27.46,211.5
7967,1354.1,473.0,26.47,195.2
7968,1351.6,403.4,26.39,221.3
7969,1158.5,412.5,26.55,220.9
7970,1158.0,419.0,26.58,228.9
7971,1214.9,463.6,27.63,244.8
7972,1266.9,327.8,29.55,305.3
7973,624.2,333.9,33.73,303.7
7974,1059.8,411.3,38.19,336.7
7975,483.4,231.6,29.77,219.3
7976,1208.5,58.9,25.12,135.8
7977,563.0,118.0,25.18,137.5
7978,1215.6,40.6,25.19,143.6
7979,1225.6,45.2,25.22,144.1
7980,1235.9,55.3,24.72,141.2
7981,1165.7,91.0,23.76,81.4
7982,477.4,48.8,25.12,160.1
7983,1434.7,285.9,29.14,277.9
7984,881.6,331.1,37.93,233.2
7985,810.0,327.6,41.4,157.5
7986,1048.3,383.4,29.49,144.1
7987,554.7,417.0,28.43,136.9
7988,656.1,453.3,25.76,136.6
7989,1214.9,447.8,22.61,95.0
7990,10.0,250.9,8.63,96.8
7991,0.0,204.3,0.01,98.2
7992,0.0,273.8,0.01,103.4
7993,0.0,218.8,0.01,103.9
7994,0.0,285.0,0.01,105.0
7995,0.0,116.2,0.01,110.7
7996,0.0,122.9,1.64,123.2
7997,1249.5,324.2,23.08,157.5
7998,1217.4,361.9,25.39,263.7
7999,1235.5,218.5,24.11,123.5
8000,1257.2,51.4,23.24,91.9
8001,539.6,37.9,23.81,94.7
8002,1200.0,48.5,23.81,101.3
8003,489.3,64.4,23.79,106.5
8004,1164.6,35.7,23.17,103.5
8005,1164.0,48.1,23.17,114.3
8006,1298.9,57.6,24.38,196.8
8007,1024.7,222.1,28.59,337.8
8008,558.0,322.8,60.55,388.2
8009,559.4,313.9,58.0,345.2
8010,555.2,228.8,29.02,331.5
8011,481.9,250.0,27.59,338.5
8012,552.1,202.5,27.16,352.5
8013,560.5,177.7,25.54,350.9
8014,1190.5,220.0,24.09,293.2
8015,1204.2,315.1,23.33,237.9
8016,1229.5,218.8,23.2,164.9
8017,1228.1,370.9,23.16,167.3
8018,1148.8,302.1,23.02,146.4
8019,1149.3,343.0,23.26,146.4
8020,1285.7,323.7,23.96,139.1
8021,650.7,369.9,27.31,229.2
8022,534.5,331.8,29.03,263.4
8023,1037.5,221.6,26.01,221.4
8024,480.6,89.8,25.52,181.2
8025,480.6,227.0,26.32,194.7
8026,554.2,167.4,27.03,227.0
8027,482.9,180.7,27.04,225.2
8028,1037.8,142.1,26.41,238.9
8029,552.7,134.0,25.96,248.6
8030,1298.9,282.0,26.83,206.4
8031,535.7,332.2,30.09,289.4
8032,812.4,361.7,39.31,268.5
8033,1169.5,371.1,35.35,240.4
8034,537.5,420.2,29.7,224.6
8035,1145.0,396.3,28.73,182.9
8036,482.0,440.6,27.79,147.5
8037,651.7,448.6,26.67,115.3
8038,1151.4,386.5,24.47,108.2
8039,1241.3,423.1,22.91,60.7
8040,1196.1,417.1,21.94,61.1
8041,10.1,376.3,8.51,59.6
8042,9.9,304.8,8.45,58.9
8043,523.4,325.3,8.37,61.5
8044,0.0,251.2,1.57,59.8
8045,0.0,239.0,0.02,63.6
8046,0.0,236.2,0.02,66.1
8047,0.0,171.8,0.01,67.4
8048,9.9,150.1,8.48,53.4
8049,10.0,172.2,8.66,50.5
8050,10.0,107.6,8.87,52.1
8051,616.8,127.8,9.23,54.8
8052,1031.8,141.5,9.75,71.3
8053,1031.3,154.4,9.74,73.5
8054,1046.0,177.5,20.68,80.4
8055,1154.9,212.9,24.31,184.0
8056,1228.6,276.5,36.13,184.4
8057,541.2,256.9,41.16,182.3
8058,1156.4,277.3,36.59,185.2
8059,540.3,238.3,31.43,233.6
8060,534.7,198.2,30.16,228.9
8061,1237.5,214.1,29.01,197.8
8062,1216.1,190.4,27.56,210.3
8063,483.7,185.4,25.11,227.1
8064,539.8,286.2,24.23,210.3
8065,462.8,321.7,23.96,226.4
8066,1099.5,353.2,23.89,237.0
8067,466.5,313.3,24.52,244.9
8068,1150.9,301.1,26.03,263.4
8069,1207.1,365.6,27.29,257.8
8070,1079.0,322.5,27.01,294.7
8071,541.2,189.6,23.9,112.8
8072,481.3,141.0,23.15,84.7
8073,472.2,142.1,22.95,80.1
8074,558.8,208.5,23.04,63.2
8075,478.3,155.2,23.03,58.1
8076,474.6,130.2,23.0,57.1
8077,1244.3,132.1,22.96,60.1
8078,1241.0,36.8,23.0,63.3
8079,1133.0,355.3,27.57,110.3
8080,800.3,414.0,37.39,113.5
8081,598.0,368.8,46.13,103.9
8082,538.7,379.5,29.98,90.3
8083,1336.3,378.5,28.67,92.1
8084,1223.9,334.4,28.2,90.0
8085,1205.8,352.2,25.47,84.1
8086,527.0,417.7,22.93,0.8
8087,1238.3,392.0,22.14,0.8
8088,9.9,350.2,8.51,0.7
8089,9.7,318.0,8.37,0.7
8090,0.0,213.8,1.54,6.2
8091,0.0,224.0,1.53,7.3
8092,0.0,250.1,1.55,10.4
8093,9.8,221.7,1.8,15.6
8094,10.0,304.0,8.52,14.5
8095,10.0,219.1,8.59,13.7
8096,10.1,214.3,8.59,13.0
8097,10.1,265.3,8.61,13.1
8098,10.2,220.4,8.71,13.0
8099,10.2,221.9,8.71,13.4
8100,10.2,197.7,8.71,13.5
8101,10.1,221.1,8.61,13.2
8102,10.2,223.9,8.71,13.1
8103,10.2,312.6,8.76,16.3
8104,488.4,316.8,33.44,16.4
8105,477.2,348.9,22.7,26.7
8106,484.6,322.1,8.88,12.3
8107,10.3,312.0,8.75,12.2
8108,10.1,277.8,8.61,13.2
8109,9.9,311.5,8.5,13.8
8110,0.0,240.4,1.34,15.2
8111,0.0,231.9,0.01,13.1
8112,0.0,245.2,0.01,10.0
8113,9.8,340.4,8.4,1.9
8114,522.9,310.0,8.45,0.7
8115,9.9,331.9,8.48,0.8
8116,10.0,410.8,8.83,0.7
8117,528.2,432.5,22.99,2.8
8118,472.1,165.6,25.78,96.4
8119,551.2,149.7,24.23,54.7
8120,480.9,38.6,23.35,44.4
8121,552.5,35.6,24.54,99.0
8122,475.5,40.5,26.23,114.8
8123,533.9,97.3,26.29,129.2
8124,530.3,108.8,25.91,102.0
8125,555.0,90.4,25.63,86.3
8126,534.7,190.0,27.53,113.0
8127,1287.0,298.5,31.45,189.5
8128,1191.3,411.6,71.63,271.3
8129,812.3,436.2,43.07,269.9
8130,642.2,402.6,33.69,257.1
8131,1425.8,399.0,31.71,270.8
8132,1261.3,404.4,30.15,228.9
8133,1282.4,433.3,28.17,318.9
8134,479.1,408.5,25.37,340.4
8135,1148.5,333.7,23.73,147.6
8136,526.3,264.8,23.06,154.0
8137,482.2,296.7,22.86,145.2
8138,489.2,263.3,22.85,143.6
8139,475.6,413.1,22.98,97.3
8140,521.1,289.4,23.89,88.3
8141,564.4,387.4,26.49,121.5
8142,1142.8,449.4,27.68,122.9
8143,553.3,259.7,24.41,101.2
8144,482.5,105.2,23.44,49.4
8145,489.5,77.0,23.43,48.4
8146,544.3,60.1,24.21,47.8
8147,573.6,68.7,24.11,49.0
8148,569.2,101.3,23.71,51.1
8149,526.6,93.9,23.37,46.3
8150,1251.8,137.6,24.39,86.5
8151,1274.4,429.1,29.46,97.9
8152,1191.3,366.7,40.32,104.1
8153,604.2,401.0,41.02,104.0
8154,628.4,420.8,27.9,102.9
8155,1263.4,422.5,23.77,75.1
8156,483.5,432.1,20.46,64.1
8157,10.0,314.0,8.59,61.2
8158,0.0,324.2,0.01,64.4
8159,0.0,348.7,0.01,62.7
8160,0.0,291.1,0.01,61.7
8161,0.0,343.7,0.01,57.7
8162,0.0,349.8,0.01,55.2
8163,0.0,393.7,0.01,56.7
8164,0.0,278.0,0.01,56.8
8165,10.0,362.8,8.55,53.8
8166,1253.4,421.5,22.95,69.5
8167,1258.1,340.7,23.33,62.3
8168,1288.2,306.7,24.17,57.2
8169,547.8,245.5,25.55,125.0
8170,480.9,209.7,26.26,167.6
8171,480.8,210.0,26.52,178.3
8172,475.7,159.6,26.24,192.2
8173,490.7,237.8,27.15,182.6
8174,601.3,276.8,28.72,193.8
8175,1204.3,309.8,31.17,253.4
8176,1175.0,417.5,69.32,256.7
8177,979.7,390.1,36.48,242.8
8178,801.1,416.2,31.29,247.8
8179,537.7,433.6,30.57,253.1
8180,536.3,447.1,29.89,263.0
8181,1029.6,508.9,28.3,251.4
8182,1164.0,364.4,26.74,272.0
8183,1263.5,346.7,26.34,300.4
8184,1349.0,349.1,26.26,323.1
8185,1394.1,357.8,26.16,344.5
8186,1346.6,380.9,26.32,363.8
8187,1360.4,407.4,26.53,281.2
8188,1130.2,402.0,28.12,306.7
8189,553.9,370.7,30.01,323.7
8190,539.5,423.1,31.68,341.8
8191,495.4,354.7,31.86,299.4
8192,1177.7,243.0,30.14,223.8
8193,1022.5,87.5,28.94,186.4
8194,1382.9,122.0,28.99,186.7
8195,586.9,97.2,29.03,198.1
8196,1040.6,111.2,29.03,217.9
8197,1021.8,172.1,29.09,224.5
8198,1031.0,262.6,29.45,266.5
8199,795.9,422.8,32.12,424.0
8200,526.7,457.5,35.13,395.7
8201,821.1,443.2,68.34,371.5
8202,792.4,380.2,35.39,307.4
8203,598.8,319.5,34.04,328.6
8204,1021.5,367.1,32.92,337.5
8205,1293.6,416.4,31.56,350.9
8206,546.0,471.3,30.17,326.0
8207,1215.2,460.9,28.49,329.2
8208,1349.2,410.4,27.13,342.1
8209,611.1,455.7,26.52,331.5
8210,1023.8,446.3,26.32,368.4
8211,474.8,450.5,26.32,380.0
8212,487.4,518.2,26.46,352.2
8213,1364.6,423.0,27.61,315.8
8214,550.7,430.1,27.77,320.9
8215,478.6,353.3,26.94,216.0
8216,614.0,127.1,26.4,141.1
8217,1168.8,130.1,26.69,131.3
8218,1360.5,160.3,26.71,148.6
8219,1032.6,188.4,26.44,159.5
8220,478.0,163.8,25.75,141.0
8221,472.5,141.4,25.46,154.7
8222,544.1,227.5,26.12,188.6
8223,1036.0,404.4,28.74,286.8
8224,1455.9,407.4,29.88,269.4
8225,539.4,429.4,59.0,236.0
8226,1036.0,447.0,29.31,225.1
8227,1040.8,348.4,29.07,211.7
8228,1032.9,399.1,28.39,204.6
8229,582.3,401.3,26.78,194.6
8230,1265.6,407.2,24.73,153.0
8231,1192.1,453.2,23.65,110.9
8232,466.7,416.3,22.28,105.1
8233,1145.3,446.3,21.98,107.2
8234,548.7,291.8,20.55,122.8
8235,9.8,384.9,8.9,119.0
8236,548.7,383.0,20.19,118.6
8237,549.5,392.3,20.98,117.1
8238,1146.2,398.0,22.42,112.2
8239,1151.8,372.9,22.93,126.7
8240,1273.5,280.0,23.61,130.5
8241,560.0,270.5,24.18,205.8
8242,550.2,305.8,24.34,203.5
8243,1150.8,298.9,24.37,193.6
8244,1294.2,255.3,24.4,187.2
8245,1193.7,287.8,24.19,132.6
8246,543.0,369.2,24.2,110.3
8247,653.5,425.3,27.4,151.1
8248,1015.8,301.0,28.47,158.3
8249,1147.8,319.9,28.51,160.6
8250,553.5,384.0,27.39,145.9
8251,563.5,393.6,26.24,149.0
8252,1255.5,468.0,23.32,113.4
8253,529.7,407.3,23.03,113.7
8254,1246.4,396.0,22.71,116.0
8255,10.1,348.4,8.52,122.7
8256,475.1,321.9,8.44,124.0
8257,10.0,338.4,8.42,121.9
8258,10.0,383.8,8.42,116.2
8259,10.0,413.8,8.43,110.6
8260,476.2,383.0,8.46,111.5
8261,1046.9,252.0,24.72,206.9
8262,654.6,176.2,27.86,230.3
8263,655.8,257.8,27.66,200.3
8264,1461.4,184.0,26.2,132.7
8265,476.7,158.1,26.05,135.5
8266,556.7,208.9,27.1,155.8
8267,552.2,220.6,27.55,175.8
8268,577.6,239.3,27.75,186.1
8269,1143.8,234.7,27.86,185.6
8270,1020.9,238.3,28.62,229.4
8271,1360.8,259.9,32.03,285.3
8272,822.6,319.7,48.72,382.7
8273,824.6,323.9,94.96,380.3
8274,718.5,348.1,35.74,364.1
8275,949.4,320.8,33.64,276.7
8276,1301.6,260.5,31.37,275.9
8277,1024.5,364.0,28.6,279.9
8278,477.5,358.6,26.46,257.3
8279,1265.4,397.0,24.73,186.9
8280,1238.5,417.7,24.46,176.0
8281,1237.0,447.1,24.34,170.3
8282,1236.5,425.0,24.33,164.9
8283,542.7,388.9,24.43,154.4
8284,611.8,400.9,25.61,150.5
8285,1207.0,423.9,28.7,149.1
8286,1252.0,447.0,29.99,184.9
8287,1257.3,355.8,28.49,200.3
8288,528.1,192.6,26.92,201.8
8289,1174.9,279.7,27.87,217.1
8290,1166.8,144.4,28.35,195.8
8291,676.8,142.8,28.24,181.4
8292,1139.5,147.5,27.51,177.1
8293,483.4,145.4,27.46,189.9
8294,557.4,73.7,27.99,191.1
8295,1286.0,299.5,29.8,250.9
8296,905.2,373.9,33.15,233.5
8297,953.7,494.1,65.15,217.4
8298,575.7,449.7,30.91,217.7
8299,560.0,431.8,28.78,219.9
8300,1465.7,444.4,27.01,203.9
8301,1186.1,448.7,25.36,142.6
8302,1249.9,472.6,23.11,46.1
8303,528.4,473.8,22.98,44.1
8304,527.4,468.7,22.94,46.4
8305,526.7,466.2,22.91,48.4
8306,526.5,453.7,22.9,51.6
8307,483.4,458.8,23.06,56.8
8308,1175.0,404.6,24.69,101.5
8309,652.0,436.4,26.85,89.8
8310,1607.5,408.3,30.77,83.0
8311,552.3,385.0,25.82,83.9
8312,1255.2,273.1,23.08,52.7
8313,532.6,229.2,23.16,37.5
8314,546.0,184.7,25.72,73.2
8315,551.6,215.9,25.49,69.1
8316,533.2,265.7,23.2,36.9
8317,1216.6,289.9,23.01,35.8
8318,1255.2,328.1,22.92,40.9
8319,473.9,420.9,23.03,61.5
8320,476.6,446.4,23.48,64.8
8321,493.8,404.3,27.99,102.9
8322,483.6,438.0,23.74,63.0
8323,536.6,443.1,23.34,66.6
8324,1220.8,436.7,23.04,70.0
8325,10.1,433.6,8.83,55.4
8326,10.0,361.7,8.54,44.8
8327,0.0,282.8,0.01,49.1
8328,0.0,254.9,0.01,51.4
8329,0.0,259.2,0.01,47.6
8330,0.0,273.0,0.01,46.3
8331,0.0,281.5,0.01,47.5
8332,0.0,261.1,0.01,50.9
8333,9.9,441.9,8.5,46.8
8334,620.7,372.8,8.61,51.5
8335,621.2,278.4,8.61,53.0
8336,0.0,105.0,1.67,42.7
8337,1166.1,87.7,24.03,69.7
8338,562.6,122.0,26.29,135.1
8339,562.3,125.7,26.12,140.9
8340,485.1,46.0,25.0,138.8
8341,496.7,105.1,24.11,73.5
8342,479.6,145.3,25.63,142.7
8343,1275.0,429.5,31.09,274.1
8344,1291.7,291.2,35.97,311.6
8345,820.8,434.9,69.69,289.5
8346,848.8,423.5,37.6,287.9
8347,580.4,446.4,34.97,220.5
8348,646.7,429.0,33.01,279.1
8349,1294.9,404.7,30.93,347.8
8350,581.6,372.9,28.12,363.4
8351,475.5,341.4,26.16,421.6
8352,1237.5,466.9,25.15,392.5
8353,1146.2,557.0,24.45,397.5
8354,1264.5,557.6,24.44,372.5
8355,1269.6,465.4,24.45,349.4
8356,1148.9,415.5,24.93,311.2
8357,547.8,415.4,35.61,190.2
8358,655.1,430.8,30.17,205.8
8359,568.8,355.0,25.96,170.6
8360,1166.4,221.3,23.85,68.7
8361,1278.1,133.3,24.69,99.4
8362,556.1,183.7,25.48,123.6
8363,1185.5,176.7,25.63,170.5
8364,1284.4,118.5,24.35,157.0
8365,1298.1,117.4,24.26,118.2
8366,1183.1,82.5,24.94,144.6
8367,584.4,447.5,27.37,107.4
8368,1166.0,405.8,25.01,117.1
8369,530.0,425.9,24.47,104.4
8370,477.4,420.5,23.31,55.5
8371,1322.5,433.1,23.19,57.1
8372,1253.1,423.4,23.05,58.3
8373,480.4,405.6,20.91,55.3
8374,10.0,329.4,8.67,45.7
8375,9.9,333.3,8.44,41.7
8376,0.0,293.3,0.01,47.7
8377,0.0,275.4,0.01,49.2
8378,0.0,298.2,0.01,49.7
8379,0.0,289.2,0.01,52.0
8380,0.0,292.5,0.01,53.7
8381,0.0,256.4,0.01,53.2
8382,9.8,317.8,8.43,46.1
8383,9.9,318.3,8.47,49.1
8384,10.0,237.8,8.55,36.2
8385,1159.1,189.3,22.95,48.9
8386,1281.3,103.2,24.55,190.9
8387,1157.1,119.7,24.92,190.6
8388,604.5,114.8,25.12,212.8
8389,1156.8,128.6,25.16,207.3
8390,1156.4,139.3,24.93,214.9
8391,1244.2,224.3,27.99,185.1
8392,1277.6,203.1,30.34,204.5
8393,1187.4,243.4,30.0,216.0
8394,1218.7,296.6,26.88,207.8
8395,1160.7,189.8,24.75,199.5
8396,1154.7,328.9,24.25,138.3
8397,474.7,347.3,23.99,115.6
8398,544.8,407.9,23.07,115.0
8399,1149.3,406.1,22.86,124.7
8400,1146.2,379.9,22.7,129.0
8401,471.2,391.5,22.63,128.6
8402,466.4,422.2,22.62,135.3
8403,1143.4,431.2,22.61,149.6
8404,481.2,321.1,22.85,158.0
8405,1255.6,324.4,23.39,138.8
8406,1199.7,397.3,24.09,250.0
8407,1191.2,435.2,24.31,273.4
8408,1172.7,311.4,24.68,233.0
8409,1288.2,322.9,25.88,237.8
8410,1236.7,227.2,26.62,255.9
8411,1268.4,196.6,27.3,262.3
8412,1128.6,493.9,28.0,306.9
8413,1242.6,387.2,28.06,194.0
8414,1240.6,408.2,28.41,207.0
8415,1193.8,613.3,30.82,312.2
8416,1021.3,548.6,33.78,324.6
8417,541.3,539.1,67.84,282.3
8418,522.9,563.1,35.49,301.7
8419,659.5,620.5,33.4,302.4
8420,670.5,532.3,32.28,351.1
8421,567.0,577.4,31.14,389.1
8422,1132.3,460.8,28.17,324.8
8423,646.1,609.4,26.86,318.8
8424,1345.2,589.7,26.49,393.1
8425,1452.7,619.6,26.43,390.1
8426,1036.4,603.8,26.59,403.5
8427,644.5,622.4,26.62,420.8
8428,569.2,577.0,27.34,350.3
8429,573.1,483.9,30.27,377.8
8430,1313.8,412.4,32.32,372.3
8431,1203.1,400.6,32.4,410.6
8432,547.3,418.3,30.93,404.9
8433,535.9,325.5,31.06,372.4
8434,1326.8,339.8,31.48,347.1
8435,492.0,280.2,31.58,313.4
8436,1252.0,305.2,31.3,342.7
8437,1199.3,330.8,31.17,410.0
8438,497.0,333.1,30.95,390.5
8439,797.0,418.9,31.94,458.2
8440,819.2,482.4,58.17,448.3
8441,821.1,484.6,150.59,447.5
8442,582.0,421.3,35.47,418.0
8443,1027.5,431.7,32.4,449.1
8444,797.7,442.4,31.64,427.2
8445,1039.3,432.8,29.65,406.6
8446,1357.6,436.1,26.95,380.1
8447,538.6,370.0,24.95,293.1
8448,1192.0,447.0,23.95,211.7
8449,548.2,432.7,23.79,210.2
8450,470.8,357.5,23.52,203.6
8451,1260.1,363.1,23.53,201.3
8452,520.9,455.3,24.05,212.9
8453,1269.7,470.7,25.8,276.4
8454,482.5,442.9,27.73,293.8
8455,497.8,377.8,24.42,236.7
8456,496.7,307.6,23.7,144.9
8457,1278.5,214.3,23.88,158.6
8458,482.4,222.0,24.22,166.9
8459,489.4,232.6,24.07,170.5
8460,1166.0,251.2,23.92,183.8
8461,1165.6,238.9,23.87,199.0
8462,479.8,308.5,24.18,245.2
8463,536.4,301.3,29.84,417.9
8464,1162.3,384.4,37.09,374.5
8465,817.4,375.7,69.7,368.6
8466,1286.1,440.1,35.43,322.5
8467,807.7,398.4,31.13,314.7
8468,1280.7,396.4,30.46,330.7
8469,1272.2,390.4,29.32,319.8
8470,582.0,379.0,27.6,293.1
8471,1353.2,439.7,25.68,266.9
8472,474.6,436.9,25.42,253.6
8473,609.7,417.0,25.39,264.6
8474,554.7,429.8,25.41,270.5
8475,577.5,464.4,27.12,294.0
8476,1246.9,466.2,29.11,323.9
8477,1194.0,375.1,30.59,312.6
8478,1297.3,368.2,31.68,371.0
8479,586.3,273.4,28.16,433.8
8480,531.9,175.8,26.07,222.6
8481,556.9,144.9,26.06,243.0
8482,1042.3,139.2,25.88,263.9
8483,485.2,217.3,25.5,245.4
8484,1218.8,189.4,25.21,285.6
8485,494.4,245.6,25.2,289.8
8486,1161.5,336.5,25.3,257.4
8487,1200.1,471.0,29.37,290.5
8488,1297.2,460.0,29.82,270.4
8489,1029.5,518.5,31.91,234.5
8490,553.8,505.4,26.42,205.6
8491,1308.3,425.9,24.45,111.0
8492,481.5,484.4,23.41,73.8
8493,473.4,527.7,23.03,71.2
8494,10.0,477.4,8.66,56.8
8495,9.9,423.2,8.46,52.6
8496,9.8,379.1,8.38,51.6
8497,9.8,356.4,8.37,47.1
8498,0.0,350.3,1.53,46.4
8499,9.8,417.0,8.37,40.5
8500,9.9,408.6,8.45,38.1
8501,10.0,428.1,8.71,44.2
8502,481.4,500.9,9.89,45.4
8503,482.5,457.3,10.17,43.1
8504,10.2,410.1,8.87,41.6
8505,10.1,367.0,8.91,40.7
8506,483.3,361.7,10.18,38.0
8507,10.3,345.9,8.8,37.1
8508,10.3,351.2,8.8,37.8
8509,10.3,363.4,8.79,37.8
8510,10.3,405.7,8.79,38.2
8511,475.3,480.6,23.13,53.1
8512,477.2,477.5,23.33,87.1
8513,749.4,443.1,43.07,111.4
8514,659.3,362.5,31.76,134.1
8515,1170.0,313.6,23.67,85.9
8516,551.0,305.4,23.19,77.5
8517,1160.4,381.9,22.49,85.9
8518,1031.0,326.1,13.91,71.7
8519,9.9,211.2,8.91,77.4
8520,9.9,262.6,8.82,79.5
8521,9.9,313.9,8.84,74.5
8522,1023.8,316.7,8.88,83.4
8523,1024.4,390.0,8.88,91.1
8524,1152.2,386.3,22.9,82.7
8525,1449.8,310.0,25.16,168.8
8526,690.3,354.9,30.1,194.2
8527,1201.0,280.9,26.93,176.6
8528,1301.3,250.7,24.13,68.7
8529,1287.3,290.7,24.23,62.4
8530,1042.0,210.6,25.34,145.5
8531,558.3,202.8,25.53,147.3
8532,1339.6,189.0,25.03,130.6
8533,526.6,169.7,24.23,64.6
8534,533.5,132.9,24.36,130.7
8535,535.6,417.9,29.51,201.0
8536,898.5,538.0,58.74,273.5
8537,832.2,535.7,66.8,277.4
8538,1195.2,561.6,35.69,275.1
8539,1302.5,498.7,31.28,212.0
8540,607.4,499.3,30.22,207.3
8541,533.8,433.4,28.8,209.2
8542,602.7,458.8,27.85,204.5
8543,647.9,523.5,26.83,185.6
8544,544.4,464.4,26.12,148.7
8545,1254.2,506.7,25.81,141.6
8546,1290.5,510.7,25.95,144.5
8547,644.8,514.5,26.15,144.5
8548,645.2,516.7,27.05,146.0
8549,1256.8,621.7,28.15,146.5
8550,1131.0,468.0,28.1,148.2
8551,528.7,415.4,22.99,116.8
8552,473.5,273.5,22.36,100.5
8553,1157.9,128.3,23.21,100.4
8554,485.5,237.4,23.92,92.3
8555,474.7,175.6,23.82,97.1
8556,490.6,198.6,23.17,92.1
8557,1235.3,149.2,22.78,99.0
8558,529.3,233.9,23.02,108.6
8559,1242.9,387.5,27.54,241.1
8560,1249.6,388.3,28.43,250.1
8561,552.4,234.2,27.33,229.1
8562,1301.5,249.3,24.74,175.6
8563,1165.2,318.3,23.67,111.9
8564,549.3,233.7,23.17,122.1
8565,1048.7,280.4,21.31,126.5
8566,1029.9,494.7,9.84,115.0
8567,10.0,475.0,8.99,110.4
8568,9.9,434.1,8.52,114.8
8569,9.9,425.9,8.87,113.9
8570,1143.9,481.4,22.21,113.5
8571,1143.7,469.5,22.21,113.7
8572,1256.3,424.1,23.84,135.3
8573,1168.4,505.2,25.28,221.9
8574,561.0,416.5,26.38,221.5
8575,544.8,361.4,25.19,201.0
8576,560.0,170.6,25.49,205.7
8577,1027.8,282.9,26.04,162.4
8578,1223.7,216.9,26.12,157.8
8579,563.6,236.6,26.33,161.8
8580,540.3,113.2,26.0,141.3
8581,472.0,164.5,25.81,143.9
8582,1283.9,315.5,27.29,211.1
8583,1193.4,550.1,31.15,371.6
8584,896.0,555.1,58.78,324.9
8585,598.5,492.2,58.16,325.3
8586,898.0,467.9,38.03,357.7
8587,1297.9,519.6,33.45,348.6
8588,895.7,507.3,32.85,349.8
8589,1219.7,512.6,32.04,329.8
8590,584.6,551.7,30.2,357.4
8591,1142.4,555.9,27.86,352.7
8592,1344.4,595.9,26.45,313.0
8593,609.8,504.0,26.16,306.1
8594,606.7,385.2,26.14,301.7
8595,473.9,381.5,25.65,330.6
8596,547.0,411.1,26.54,328.8
8597,1229.4,528.3,27.71,284.8
8598,599.6,596.7,28.26,265.7
8599,1004.0,376.6,27.78,254.8
8600,807.9,327.7,27.35,196.8
8601,529.8,270.8,28.2,207.9
8602,661.3,268.5,28.29,221.3
8603,1135.5,265.3,28.25,214.0
8604,660.8,263.0,27.63,198.9
8605,649.8,254.0,27.37,182.3
8606,550.8,258.8,27.36,191.9
8607,1267.1,420.8,29.15,273.5
8608,1139.6,472.2,56.19,243.6
8609,555.1,517.7,28.67,237.0
8610,1180.7,437.3,25.49,220.3
8611,1178.5,479.8,25.14,200.3
8612,1276.2,400.9,24.7,195.9
8613,1195.4,408.9,24.96,195.6
8614,1219.7,306.3,24.59,218.2
8615,474.2,416.9,23.72,147.6
8616,540.9,288.3,22.73,138.8
8617,1165.0,296.2,22.39,126.0
8618,1177.2,310.0,22.35,128.2
8619,1141.0,393.0,22.14,142.2
8620,1141.7,438.4,22.16,140.5
8621,1176.2,404.2,22.38,136.6
8622,1145.6,429.2,22.48,123.5
8623,1149.3,451.1,22.7,122.2
8624,1201.8,167.7,22.63,76.2
8625,1285.4,164.6,23.66,71.8
8626,1192.8,135.0,24.25,127.4
8627,608.7,135.6,24.17,141.3
8628,520.1,129.9,23.98,85.3
8629,471.1,211.7,23.22,76.7
8630,471.0,225.9,23.25,91.4
8631,474.2,343.9,25.98,274.0
8632,1151.7,490.5,24.75,237.9
8633,1468.2,428.6,26.52,238.4
8634,1404.6,423.4,26.5,237.7
8635,1267.2,455.0,26.17,235.4
8636,1265.8,457.1,26.14,233.1
8637,1131.1,441.4,24.83,231.1
8638,1182.9,446.9,23.34,153.5
8639,1146.1,449.2,22.78,158.3
8640,1194.9,465.3,22.46,155.5
8641,1141.9,433.3,22.44,155.0
8642,464.4,396.3,22.43,155.1
8643,1232.4,454.1,22.64,159.6
8644,469.2,369.0,23.07,157.4
8645,1201.4,415.9,24.53,236.2
8646,580.2,401.5,27.5,227.7
8647,1136.9,403.7,28.07,222.3
8648,1010.3,259.4,28.06,193.8
8649,1017.0,333.1,28.37,193.4
8650,832.8,355.0,28.7,194.1
8651,471.7,243.9,28.91,189.6
8652,471.3,306.6,28.75,197.0
8653,832.8,304.4,28.44,214.2
8654,1031.3,332.1,28.46,216.1
8655,1531.9,370.3,31.27,235.0
8656,819.3,436.7,45.94,244.0
8657,821.3,417.9,46.78,253.5
8658,1026.9,410.6,31.86,239.3
8659,1199.3,425.2,31.26,243.7
8660,1532.2,394.5,30.63,245.9
8661,1020.9,424.4,28.79,240.6
8662,1203.8,439.6,27.51,216.6
8663,1129.9,480.5,25.89,221.1
8664,645.4,517.9,25.83,224.0
8665,1126.1,482.1,25.8,226.5
8666,1128.7,487.5,25.79,229.4
8667,1196.3,485.1,25.79,230.2
8668,645.4,578.3,26.79,229.8
8669,1008.8,394.0,28.33,244.0
8670,1025.2,413.9,28.84,250.7
8671,651.7,374.9,27.11,256.7
8672,480.9,309.9,27.5,223.7
8673,565.9,440.9,28.17,242.1
8674,1141.2,340.0,28.39,217.7
8675,1134.7,392.2,27.97,209.9
8676,1451.6,349.8,27.78,215.8
8677,1450.8,335.2,27.76,218.7
8678,521.3,308.0,28.51,288.9
8679,581.2,448.8,32.9,410.9
8680,536.0,372.8,35.65,401.9
8681,830.9,386.7,43.54,402.8
8682,807.2,402.8,36.75,337.5
8683,538.8,407.6,34.47,335.2
8684,577.1,421.1,33.37,351.7
8685,642.7,418.2,32.42,361.9
8686,1196.7,366.4,31.03,370.4
8687,537.3,316.4,29.74,365.0
8688,1027.1,433.0,28.66,354.7
8689,1010.4,471.3,28.33,358.9
8690,1004.7,431.3,28.21,360.0
8691,519.7,439.1,28.3,357.2
8692,1341.3,403.0,28.9,349.2
8693,559.1,409.4,30.99,348.3
8694,791.0,429.3,31.9,338.3
8695,482.4,431.0,29.27,365.1
8696,1226.8,308.4,28.72,274.0
8697,1020.9,199.8,28.7,251.1
8698,1250.9,205.4,28.67,252.4
8699,1228.2,254.9,28.59,258.9
8700,1227.5,204.9,28.61,259.1
8701,496.1,245.0,28.7,282.1
8702,565.0,404.5,29.52,308.0
8703,1020.1,439.6,31.89,333.7
8704,888.4,350.1,63.0,359.6
8705,875.1,369.9,45.64,326.1
8706,1409.5,383.1,32.58,301.4
8707,1427.1,440.6,31.37,268.5
8708,691.5,433.5,30.98,262.1
8709,1270.8,335.4,29.28,257.1
8710,1245.0,452.3,28.04,231.7
8711,1129.9,480.5,25.89,221.1
8712,645.4,517.9,25.83,224.0
8713,1126.1,482.1,25.8,226.5
8714,1128.7,487.5,25.79,229.4
8715,1196.3,485.1,25.79,230.2
8716,645.4,578.3,26.79,229.8
8717,1008.8,394.0,28.33,244.0
8718,1025.2,413.9,28.84,250.7
8719,651.7,374.9,27.11,256.7
8720,480.9,309.9,27.5,223.7
8721,565.9,440.9,28.17,242.1
8722,1141.2,340.0,28.39,217.7
8723,1134.7,392.2,27.97,209.9
8724,1451.6,349.8,27.78,215.8
8725,1450.8,335.2,27.76,218.7
8726,521.3,308.0,28.51,288.9
8727,581.2,448.8,32.9,410.9
8728,536.0,372.8,35.65,401.9
8729,830.9,386.7,43.54,402.8
8730,807.2,402.8,36.75,337.5
8731,538.8,407.6,34.47,335.2
8732,577.1,421.1,33.37,351.7
8733,642.7,418.2,32.42,361.9
8734,1196.7,366.4,31.03,370.4
8735,537.3,316.4,29.74,365.0
8736,1027.1,433.0,28.66,354.7
8737,1010.4,471.3,28.33,358.9
8738,1004.7,431.3,28.21,360.0
8739,519.7,439.1,28.3,357.2
8740,1341.3,403.0,28.9,349.2
8741,559.1,409.4,30.99,348.3
8742,791.0,429.3,31.9,338.3
8743,482.4,431.0,29.27,365.1
8744,1226.8,308.4,28.72,274.0
8745,1020.9,199.8,28.7,251.1
8746,1250.9,205.4,28.67,252.4
8747,1228.2,254.9,28.59,258.9
8748,1227.5,204.9,28.61,259.1
8749,496.1,245.0,28.7,282.1
8750,565.0,404.5,29.52,308.0
8751,1020.1,439.6,31.89,333.7
8752,888.4,350.1,63.0,359.6
8753,875.1,369.9,45.64,326.1
8754,1409.5,383.1,32.58,301.4
8755,1427.1,440.6,31.37,268.5
8756,691.5,433.5,30.98,262.1
8757,1270.8,335.4,29.28,257.1
8758,1245.0,452.3,28.04,231.7
8759,1319.1,290.5,24.86,128.6
